origin,destination,minutes
9001011000,36081071100,265.78
9001010101,36081071100,244.2
9001010300,36081071100,237.37
9001010400,36081071100,226.62
9001010500,36081071100,227.32
9001010600,36081071100,234.38
9001010700,36081071100,238.13
9001011100,36081071100,260.01
9001011200,36081071100,237.68
9001011300,36081071100,218.37
9001990000,36081071100,319.86
34031180900,36081071100,195.37
34031175900,36081071100,172.9
34031246103,36081071100,226.29
34031143400,36081071100,201.75
34031125100,36081071100,175.89
34031181800,36081071100,197.11
34031182500,36081071100,184.6
34031124312,36081071100,200.66
34031182400,36081071100,188.51
34031182900,36081071100,195.37
34031182200,36081071100,193.85
34031183000,36081071100,191.05
34031182700,36081071100,188.61
34031182000,36081071100,196.9
34031180800,36081071100,192.7
34031181200,36081071100,188.9
34031181702,36081071100,192.1
34031182800,36081071100,191.07
34031181500,36081071100,193.74
34031180700,36081071100,196.66
34031124601,36081071100,189.67
34031246001,36081071100,225.01
34031124401,36081071100,188.08
34031180300,36081071100,199.29
34031180600,36081071100,199.68
34031246101,36081071100,217.31
34031180100,36081071100,205.21
34031124900,36081071100,182.64
34031175200,36081071100,175.48
34031223900,36081071100,220.11
34031124311,36081071100,197.44
34031125000,36081071100,177.95
34031124700,36081071100,182.93
34031246203,36081071100,233.62
34031246300,36081071100,237.03
34027040102,36081071100,241.67
34031223801,36081071100,210.86
34031223802,36081071100,215.28
34031264101,36081071100,208.91
34031264102,36081071100,209.39
34031264200,36081071100,196.82
34031182301,36081071100,192.38
34031175302,36081071100,178.15
34003037201,36081071100,160.71
34003051100,36081071100,180.45
34003015300,36081071100,135.35
34003025200,36081071100,159.41
34003011200,36081071100,176.45
34003030400,36081071100,159.9
34003010200,36081071100,156.25
34003025100,36081071100,155.03
34003051300,36081071100,177.61
34003021600,36081071100,172.36
34003041100,36081071100,121.08
34003048200,36081071100,162.44
34003047500,36081071100,190.87
34003030100,36081071100,156.15
34023003800,36081071100,215.95
34031183200,36081071100,193.48
34031182100,36081071100,194.34
34031181300,36081071100,187.06
34031203600,36081071100,201.16
34031124323,36081071100,197.24
34031124322,36081071100,194.65
34031124602,36081071100,186.79
34031124800,36081071100,182.43
34031182600,36081071100,185.36
34031133701,36081071100,202.8
34031133702,36081071100,205.87
34031154001,36081071100,209.07
34031154002,36081071100,214.44
34031175301,36081071100,176.84
34031175701,36081071100,184.47
34031175703,36081071100,181.84
34031175704,36081071100,183.19
34031175801,36081071100,179.15
34031175802,36081071100,180.21
34031180201,36081071100,205.43
34031175401,36081071100,180.61
34031175402,36081071100,178.25
34031175601,36081071100,185.03
34031175602,36081071100,183.19
34031180202,36081071100,201.39
34031182302,36081071100,190.97
34031183101,36081071100,187.65
34031183102,36081071100,189.15
34031124500,36081071100,187.25
34031175500,36081071100,184.9
34031124321,36081071100,191.14
34031181400,36081071100,189.94
34031246104,36081071100,218.2
34031124200,36081071100,201.0
34031143300,36081071100,201.03
34031143200,36081071100,201.92
34031181900,36081071100,202.78
34031181000,36081071100,193.56
34031181100,36081071100,191.19
34023004500,36081071100,233.41
34023003500,36081071100,202.91
34023003600,36081071100,213.36
34023003700,36081071100,212.11
34039031300,36081071100,169.13
34039031100,36081071100,160.56
34039031000,36081071100,159.79
34039030702,36081071100,161.43
34039031601,36081071100,169.1
34039031602,36081071100,165.62
34039031801,36081071100,169.13
34039031903,36081071100,167.03
34039031904,36081071100,166.57
34039039800,36081071100,163.96
34039039900,36081071100,164.28
34039030701,36081071100,158.68
34039031802,36081071100,168.85
34039035200,36081071100,160.24
34039035300,36081071100,178.43
34023002701,36081071100,200.72
34023002703,36081071100,205.14
34023002401,36081071100,202.67
34023002402,36081071100,207.23
34023002605,36081071100,202.97
34023002805,36081071100,213.88
34023002901,36081071100,211.09
34023002902,36081071100,213.04
34023003401,36081071100,220.05
34023009000,36081071100,200.51
34023009100,36081071100,217.81
34039031200,36081071100,163.7
34039032100,36081071100,171.46
34039032001,36081071100,166.37
34039031500,36081071100,170.06
34039031400,36081071100,167.26
34039035500,36081071100,185.86
34039034200,36081071100,178.88
34039033600,36081071100,192.44
34039036800,36081071100,206.25
34039038300,36081071100,216.57
34039037602,36081071100,199.19
34039032700,36081071100,179.42
34039032200,36081071100,166.26
34039032901,36081071100,183.36
34039033200,36081071100,178.29
34039036700,36081071100,207.33
34039035000,36081071100,178.68
34039033300,36081071100,185.25
34039034800,36081071100,183.95
34039034400,36081071100,173.33
34039032800,36081071100,178.08
34039037700,36081071100,209.15
34039038000,36081071100,205.34
34039035600,36081071100,196.11
34039033400,36081071100,181.55
34039035800,36081071100,193.03
34039036000,36081071100,189.5
34039034500,36081071100,167.44
34039036301,36081071100,199.72
34039034100,36081071100,172.16
34039034000,36081071100,176.2
34039032600,36081071100,173.82
34039036900,36081071100,197.78
34039036400,36081071100,206.62
34039032902,36081071100,187.97
34039037400,36081071100,195.81
34039037601,36081071100,204.28
34039036302,36081071100,207.16
34039035100,36081071100,174.33
34039035900,36081071100,189.86
34039032002,36081071100,162.86
34039030802,36081071100,159.81
34039030200,36081071100,161.03
34039036100,36081071100,190.44
34039031700,36081071100,169.76
34039035700,36081071100,192.53
34039034600,36081071100,173.66
34039037200,36081071100,189.85
34039036200,36081071100,193.02
34039037300,36081071100,191.96
34039034700,36081071100,177.11
34039035400,36081071100,179.97
34039032500,36081071100,169.4
34039037000,36081071100,193.68
34039033800,36081071100,183.63
34039034900,36081071100,184.2
34039033700,36081071100,175.34
34039032400,36081071100,172.31
34039034300,36081071100,180.2
34039037500,36081071100,193.28
34039037100,36081071100,198.19
34039032300,36081071100,168.93
34039033000,36081071100,186.48
34039030500,36081071100,159.82
34039033500,36081071100,177.43
34039033100,36081071100,178.6
34039030600,36081071100,155.55
34039030400,36081071100,162.19
34039033900,36081071100,179.32
34039030900,36081071100,157.97
34013009900,36081071100,170.81
34013018100,36081071100,171.45
34013018200,36081071100,173.79
34013018300,36081071100,169.34
34013018400,36081071100,164.94
34013018700,36081071100,167.25
34013018800,36081071100,168.68
34013980200,36081071100,164.55
34013006400,36081071100,144.17
34013006600,36081071100,147.28
34013006700,36081071100,144.18
34013006800,36081071100,142.84
34013006900,36081071100,139.06
34013007000,36081071100,138.21
34013007100,36081071100,136.73
34013007200,36081071100,135.09
34013007300,36081071100,132.59
34013007501,36081071100,129.46
34013007502,36081071100,127.74
34013007600,36081071100,134.18
34013007700,36081071100,135.03
34013007800,36081071100,138.56
34013007900,36081071100,137.51
34013008000,36081071100,139.17
34013008100,36081071100,142.64
34013008200,36081071100,145.52
34013008700,36081071100,148.75
34013008800,36081071100,147.43
34013008900,36081071100,148.87
34013009000,36081071100,148.08
34013009100,36081071100,151.07
34013009200,36081071100,150.08
34013009300,36081071100,153.76
34013009400,36081071100,152.58
34013009500,36081071100,156.89
34013000300,36081071100,159.08
34013017301,36081071100,194.19
34013009700,36081071100,159.26
34013019100,36081071100,168.12
34013013500,36081071100,181.51
34013013800,36081071100,182.32
34013019000,36081071100,176.67
34013019200,36081071100,169.1
34013019300,36081071100,173.01
34013009600,36081071100,157.21
34013013700,36081071100,176.75
34013000400,36081071100,158.68
34013014700,36081071100,164.2
34013013900,36081071100,178.41
34013014000,36081071100,172.18
34013014100,36081071100,172.32
34013014200,36081071100,171.28
34013014300,36081071100,170.71
34013014400,36081071100,166.14
34013013600,36081071100,177.15
34013017500,36081071100,177.74
34013017600,36081071100,177.16
34025800601,36081071100,131.67
34025800500,36081071100,120.82
34025801700,36081071100,141.88
34025801600,36081071100,138.05
34025800602,36081071100,135.21
34025800400,36081071100,131.22
34025800702,36081071100,133.46
34025800701,36081071100,136.07
34025800800,36081071100,129.85
34013014500,36081071100,163.11
34013014600,36081071100,166.27
34013000600,36081071100,157.27
34013010000,36081071100,167.58
34013010100,36081071100,165.73
34013010200,36081071100,160.32
34013015000,36081071100,183.99
34013017700,36081071100,173.35
34013017800,36081071100,172.06
34013017900,36081071100,173.84
34013018000,36081071100,181.45
34013003800,36081071100,149.9
34013002201,36081071100,168.26
34013015100,36081071100,180.94
34013015200,36081071100,175.72
34013015300,36081071100,173.12
34013015400,36081071100,171.42
34013015500,36081071100,167.65
34013015600,36081071100,169.57
34013015700,36081071100,164.83
34013015800,36081071100,164.33
34013015900,36081071100,160.24
34013002202,36081071100,165.84
34013007400,36081071100,133.8
34013022900,36081071100,143.95
34013023000,36081071100,147.75
34013023100,36081071100,152.15
34013023200,36081071100,149.99
34013980100,36081071100,146.34
34013017302,36081071100,200.55
34003051400,36081071100,179.8
34003038100,36081071100,166.47
34003005000,36081071100,168.41
34003012001,36081071100,172.41
34003018200,36081071100,106.08
34003018100,36081071100,103.47
34003013001,36081071100,101.71
34003031100,36081071100,176.67
34025803900,36081071100,163.79
34025812100,36081071100,178.19
34025802200,36081071100,141.94
34025990000,36081071100,159.65
34025800200,36081071100,141.7
34025800900,36081071100,145.37
34025800100,36081071100,159.09
34025801800,36081071100,151.34
34017000600,36081071100,95.62
34017006600,36081071100,92.78
34017007400,36081071100,80.7
34017007700,36081071100,88.12
34017007800,36081071100,88.6
34017014101,36081071100,93.96
34017015001,36081071100,89.97
34017015201,36081071100,89.81
34017015202,36081071100,93.54
34017015801,36081071100,83.87
34017018301,36081071100,87.72
34017018302,36081071100,81.26
34017018702,36081071100,83.58
34017020100,36081071100,114.31
34017012300,36081071100,158.09
34017012400,36081071100,158.22
34017012500,36081071100,154.04
34017012600,36081071100,153.72
34017012700,36081071100,152.08
34017012800,36081071100,149.81
34017012900,36081071100,148.61
34017013000,36081071100,147.56
34017013100,36081071100,150.53
34017013200,36081071100,147.46
34017013300,36081071100,148.1
34017014000,36081071100,100.98
34017014400,36081071100,102.27
34017014600,36081071100,95.35
34017014700,36081071100,97.39
34017014800,36081071100,94.15
34017014900,36081071100,94.08
34017018200,36081071100,89.67
34017016100,36081071100,90.29
34017016200,36081071100,93.46
34017016300,36081071100,91.83
34017016400,36081071100,93.03
34017016500,36081071100,90.71
34017016600,36081071100,94.38
34017016700,36081071100,92.72
34017016800,36081071100,92.34
34017016900,36081071100,91.33
34017017000,36081071100,92.93
34017017100,36081071100,92.23
34017017200,36081071100,91.52
34017017300,36081071100,89.14
34017017400,36081071100,89.88
34017017500,36081071100,92.47
34017017600,36081071100,92.58
34017019900,36081071100,109.84
34017980100,36081071100,94.51
34017006400,36081071100,84.08
34017006500,36081071100,87.7
34017006700,36081071100,89.77
34017006800,36081071100,96.44
34017007000,36081071100,85.12
34017007500,36081071100,80.79
34017014102,36081071100,98.02
34017014501,36081071100,99.13
34017014502,36081071100,98.74
34017015002,36081071100,94.09
34017018701,36081071100,87.07
34017020000,36081071100,108.2
34017001701,36081071100,100.14
34017006900,36081071100,99.22
34017007100,36081071100,91.44
34017007200,36081071100,88.63
34017007300,36081071100,86.42
34017007600,36081071100,82.87
34017015802,36081071100,91.04
34017019800,36081071100,119.97
34003031300,36081071100,173.51
34003031200,36081071100,177.33
34003038300,36081071100,165.85
34003038200,36081071100,160.87
34003051200,36081071100,181.26
34003045200,36081071100,114.79
34003031400,36081071100,171.16
34003006300,36081071100,101.86
34017004300,36081071100,92.01
34017004400,36081071100,94.95
34017004500,36081071100,93.13
34017004600,36081071100,91.58
34017004700,36081071100,91.2
34017004800,36081071100,100.54
34017004900,36081071100,98.5
34017005200,36081071100,99.14
34017005300,36081071100,96.61
34017005400,36081071100,104.55
34017005500,36081071100,100.07
34017005600,36081071100,103.58
34017005801,36081071100,99.81
34017005802,36081071100,103.73
34017005900,36081071100,106.38
34017006000,36081071100,103.09
34017006100,36081071100,107.62
34017006200,36081071100,105.73
34017006300,36081071100,104.23
34017013400,36081071100,143.78
34017013500,36081071100,143.91
34017013600,36081071100,141.45
34017013700,36081071100,144.24
34017014200,36081071100,94.88
34017014300,36081071100,98.03
34017015100,36081071100,96.85
34017013800,36081071100,140.47
34017013900,36081071100,141.59
34017018400,36081071100,84.12
34017018500,36081071100,86.93
34017018600,36081071100,86.17
34017018800,36081071100,88.88
34017018900,36081071100,91.72
34017019000,36081071100,91.35
34017019100,36081071100,90.41
34017019200,36081071100,90.42
34017019300,36081071100,87.8
34017019400,36081071100,87.5
34017000100,36081071100,93.98
34017000200,36081071100,91.88
34017000300,36081071100,89.77
34017000400,36081071100,96.19
34017000500,36081071100,94.8
34017000700,36081071100,94.07
34017000800,36081071100,92.08
34017000902,36081071100,95.15
34017001000,36081071100,98.26
34017001100,36081071100,96.5
34017001201,36081071100,95.14
34017001202,36081071100,91.72
34017001300,36081071100,94.58
34017001400,36081071100,94.23
34017001800,36081071100,96.94
34017001900,36081071100,94.82
34031124402,36081071100,186.56
34017017700,36081071100,91.93
34017017800,36081071100,90.78
34017017900,36081071100,92.17
34017018000,36081071100,89.43
34017018100,36081071100,91.68
34017015300,36081071100,95.43
34017015500,36081071100,96.39
34017015600,36081071100,94.23
34017015700,36081071100,93.5
34017015900,36081071100,92.22
34017016000,36081071100,94.32
34017032400,36081071100,97.15
34017010100,36081071100,110.98
34017010200,36081071100,112.2
34017010300,36081071100,113.0
34017010400,36081071100,115.94
34017010500,36081071100,115.53
34017010600,36081071100,121.19
34017010700,36081071100,118.47
34017010800,36081071100,122.36
34017010900,36081071100,122.94
34017011000,36081071100,123.05
34017011100,36081071100,123.26
34017011200,36081071100,126.91
34017011300,36081071100,124.56
34017011400,36081071100,128.38
34017011500,36081071100,129.77
34017011600,36081071100,130.66
34017002000,36081071100,95.63
34017002200,36081071100,88.47
34017002300,36081071100,86.47
34017002400,36081071100,87.5
34017002700,36081071100,97.36
34017002800,36081071100,94.41
34017002900,36081071100,94.59
34017003000,36081071100,91.66
34017003100,36081071100,90.2
34017003500,36081071100,85.29
34017004000,36081071100,98.54
34017004101,36081071100,95.16
34017004102,36081071100,92.81
34017004200,36081071100,95.59
34013018900,36081071100,171.12
34013000900,36081071100,151.36
34013001700,36081071100,151.2
34013001900,36081071100,155.39
34013002000,36081071100,162.34
34013010300,36081071100,159.51
34013010400,36081071100,163.88
34013010500,36081071100,164.38
34013010600,36081071100,159.97
34013010700,36081071100,157.19
34013010800,36081071100,155.84
34013010900,36081071100,154.05
34013022700,36081071100,147.41
34013011100,36081071100,157.61
34013011200,36081071100,160.03
34013011300,36081071100,163.97
34013011400,36081071100,163.78
34013011500,36081071100,161.7
34013011600,36081071100,160.24
34013011700,36081071100,159.43
34013011800,36081071100,159.72
34013016000,36081071100,173.56
34013002400,36081071100,159.89
34013004300,36081071100,160.16
34013012600,36081071100,158.85
34013013300,36081071100,155.42
34013004500,36081071100,164.11
34013011900,36081071100,160.7
34013012000,36081071100,168.4
34013012100,36081071100,166.17
34013012200,36081071100,166.12
34013012300,36081071100,163.69
34013012400,36081071100,165.8
34013012500,36081071100,161.35
34013012700,36081071100,166.86
34013012800,36081071100,164.53
34013012900,36081071100,160.47
34013013000,36081071100,158.3
34013013100,36081071100,157.46
34013013200,36081071100,156.69
34013019700,36081071100,172.01
34013019600,36081071100,168.84
34013020500,36081071100,199.11
34013020600,36081071100,198.7
34013020700,36081071100,207.69
34013020800,36081071100,210.34
34013019400,36081071100,179.05
34013019500,36081071100,174.06
34013019800,36081071100,175.99
34013019900,36081071100,181.16
34013020000,36081071100,201.09
34013020100,36081071100,195.82
34013020200,36081071100,185.05
34013020300,36081071100,195.88
34013016500,36081071100,183.47
34013016700,36081071100,176.97
34013016800,36081071100,179.81
34013016900,36081071100,182.28
34013017000,36081071100,179.65
34013017100,36081071100,176.74
34013017200,36081071100,175.41
34013017400,36081071100,189.31
34013000100,36081071100,160.85
34013000200,36081071100,156.41
34013000500,36081071100,155.2
34013000700,36081071100,154.98
34013000800,36081071100,154.4
34013001000,36081071100,146.97
34013001100,36081071100,144.74
34013001300,36081071100,147.88
34013001400,36081071100,149.52
34013001500,36081071100,148.84
34013001600,36081071100,150.78
34013001800,36081071100,152.07
34013002100,36081071100,164.0
34013002300,36081071100,162.59
34013002500,36081071100,159.0
34013002600,36081071100,153.31
34013002800,36081071100,150.11
34013003100,36081071100,147.58
34013018600,36081071100,168.55
34013003500,36081071100,154.5
34013003700,36081071100,154.31
34013003900,36081071100,150.6
34013004100,36081071100,153.97
34013004200,36081071100,155.53
34013004400,36081071100,161.57
34013004600,36081071100,161.95
34013004700,36081071100,162.11
34013004801,36081071100,156.08
34013004802,36081071100,161.71
34013004900,36081071100,158.19
34013005000,36081071100,152.73
34013005100,36081071100,157.85
34013005200,36081071100,159.21
34013005300,36081071100,156.9
34013005400,36081071100,153.93
34013005700,36081071100,145.87
34013022800,36081071100,145.42
34013006200,36081071100,147.63
34003010100,36081071100,158.1
34003050000,36081071100,157.92
34003037202,36081071100,157.09
34003042302,36081071100,187.63
34003011300,36081071100,172.1
34003006100,36081071100,109.15
34003017400,36081071100,178.0
34003054100,36081071100,138.78
34003010300,36081071100,161.47
34003042400,36081071100,189.07
34003054600,36081071100,129.93
34003003100,36081071100,152.53
34003046100,36081071100,125.18
34003003500,36081071100,147.84
34003054400,36081071100,140.81
34003054300,36081071100,147.25
34003042100,36081071100,169.24
34003048100,36081071100,159.45
34003036200,36081071100,161.6
34003036100,36081071100,150.0
34003057200,36081071100,175.34
34003029100,36081071100,152.11
34003028001,36081071100,120.26
34003046200,36081071100,131.09
34003055100,36081071100,141.5
34003009100,36081071100,159.9
34003008000,36081071100,154.03
34003045100,36081071100,111.13
34003055200,36081071100,147.21
34003057101,36081071100,173.03
34003015100,36081071100,131.3
34003021100,36081071100,170.26
34003011100,36081071100,179.78
34003042301,36081071100,187.52
34003046300,36081071100,126.27
34003003200,36081071100,149.98
34003033100,36081071100,155.09
34003033200,36081071100,153.45
34003054500,36081071100,136.07
34003017100,36081071100,181.81
34003009200,36081071100,166.94
34003054200,36081071100,141.67
34003002100,36081071100,158.58
34003007002,36081071100,168.46
34003003402,36081071100,148.95
34003003401,36081071100,151.94
34003037100,36081071100,165.8
34003021300,36081071100,171.97
34003011400,36081071100,171.73
34003015500,36081071100,126.06
34003015400,36081071100,133.05
34003016000,36081071100,121.73
34003017300,36081071100,184.3
34003004002,36081071100,134.7
34003006201,36081071100,106.06
34003012002,36081071100,178.68
34003013002,36081071100,111.49
34003019103,36081071100,115.55
34003019104,36081071100,112.44
34003019203,36081071100,112.83
34003019204,36081071100,114.1
34003019303,36081071100,116.88
34003017500,36081071100,174.53
34003052100,36081071100,166.65
34003017200,36081071100,188.8
34003015200,36081071100,137.7
34003019304,36081071100,112.27
34003019305,36081071100,113.15
34003023301,36081071100,151.18
34003023302,36081071100,147.5
34003014000,36081071100,183.5
34003019102,36081071100,111.68
34003021500,36081071100,168.87
34003042500,36081071100,162.83
34003040001,36081071100,175.76
34003040002,36081071100,171.16
34003041301,36081071100,117.82
34003041302,36081071100,116.14
34003023502,36081071100,145.31
34003023602,36081071100,143.18
34003003300,36081071100,154.21
34003019202,36081071100,110.5
34003028002,36081071100,116.93
34003052200,36081071100,161.85
34003021400,36081071100,167.45
34013014800,36081071100,189.75
34003056100,36081071100,214.41
34003053100,36081071100,217.76
34003026200,36081071100,201.02
34003026100,36081071100,200.12
34003053200,36081071100,231.54
34003035100,36081071100,221.49
34003004001,36081071100,135.58
34003006202,36081071100,108.67
34003019306,36081071100,110.06
34003023601,36081071100,146.33
34003023501,36081071100,145.06
34003041200,36081071100,119.08
34003021200,36081071100,174.05
34003029200,36081071100,157.13
34003030200,36081071100,164.31
34003057102,36081071100,177.04
34003060000,36081071100,165.36
34003022200,36081071100,189.55
34003030300,36081071100,160.49
34003023402,36081071100,147.42
34003023401,36081071100,148.55
34003023200,36081071100,148.65
34003023100,36081071100,144.17
34003033300,36081071100,152.56
34013014900,36081071100,189.04
34013021803,36081071100,209.34
34013021802,36081071100,214.15
34013021701,36081071100,206.55
34013021702,36081071100,206.49
34013021300,36081071100,205.85
34013021400,36081071100,197.67
34013020901,36081071100,205.94
34013021601,36081071100,237.93
34013021602,36081071100,213.22
34013020400,36081071100,209.74
34013020902,36081071100,209.76
34013016100,36081071100,198.29
34013016200,36081071100,193.89
34013016300,36081071100,189.61
34013016400,36081071100,187.78
34013016600,36081071100,182.82
34013013400,36081071100,186.63
34013021000,36081071100,196.41
34013021100,36081071100,191.39
34013021200,36081071100,192.32
34013021801,36081071100,213.12
34031163500,36081071100,213.46
34031246202,36081071100,234.3
34003007001,36081071100,169.53
34003058200,36081071100,193.12
34003020200,36081071100,231.34
34003061300,36081071100,216.61
34003034000,36081071100,204.94
34003047200,36081071100,204.73
34003061100,36081071100,216.54
34003027000,36081071100,205.5
34003061200,36081071100,218.24
34003056200,36081071100,214.51
34003022100,36081071100,191.9
34003059200,36081071100,192.25
34031246102,36081071100,224.99
34003047300,36081071100,197.99
34003058100,36081071100,194.5
34003047400,36081071100,194.62
34003024200,36081071100,178.6
34003059100,36081071100,189.38
34003047100,36081071100,198.59
34003049002,36081071100,187.77
34003061400,36081071100,205.88
34003002300,36081071100,179.82
34003001000,36081071100,222.07
34003035200,36081071100,213.15
34003024100,36081071100,190.68
34003043002,36081071100,209.15
34003043001,36081071100,216.93
34003049001,36081071100,204.3
34003002200,36081071100,187.17
36085020804,36081071100,169.2
36085014700,36081071100,118.98
36085015100,36081071100,121.93
36085015400,36081071100,150.06
36085015601,36081071100,155.47
36085015602,36081071100,159.55
36085015603,36081071100,155.39
36085016901,36081071100,114.67
36085017010,36081071100,166.43
36085017300,36081071100,121.02
36085017600,36081071100,164.61
36085001700,36081071100,100.59
36085000600,36081071100,111.16
36085000700,36081071100,101.14
36085001800,36081071100,118.29
36085000300,36081071100,96.01
36085000800,36081071100,111.91
36085000900,36081071100,100.54
36085002001,36081071100,116.47
36085002002,36081071100,117.55
36085013204,36081071100,146.18
36085002100,36081071100,102.33
36085002700,36081071100,106.52
36085002900,36081071100,106.49
36085001100,36081071100,100.45
36085003300,36081071100,105.23
36085003600,36081071100,111.88
36085003900,36081071100,109.41
36085004000,36081071100,110.0
36085004700,36081071100,113.78
36085005000,36081071100,115.97
36085005900,36081071100,110.78
36085006400,36081071100,119.76
36085007000,36081071100,123.08
36085007400,36081071100,122.74
36085007500,36081071100,104.51
36085007700,36081071100,104.57
36085008100,36081071100,104.15
36085014605,36081071100,150.43
36085008900,36081071100,106.08
36085009601,36081071100,119.76
36085009602,36081071100,124.17
36085009700,36081071100,111.4
36085010500,36081071100,112.42
36085011201,36081071100,130.19
36085011202,36081071100,134.54
36085011401,36081071100,126.1
36085011402,36081071100,128.64
36085012100,36081071100,114.36
36085012200,36081071100,131.85
36085012500,36081071100,114.96
36085012804,36081071100,140.57
36085013201,36081071100,139.62
36085014606,36081071100,145.43
36085013301,36081071100,114.4
36085013302,36081071100,115.76
36085013400,36081071100,136.08
36085013800,36081071100,137.99
36085014100,36081071100,119.28
36085027704,36081071100,139.36
36085017700,36081071100,120.25
36085018701,36081071100,121.39
36085018702,36081071100,124.47
36085018901,36081071100,125.12
36085018902,36081071100,127.1
36085019700,36081071100,124.77
36085020100,36081071100,123.41
36085020700,36081071100,119.67
36085030302,36081071100,131.25
36085020801,36081071100,173.6
36085017008,36081071100,159.33
36085020803,36081071100,175.44
36085021300,36081071100,121.33
36085022300,36081071100,126.18
36085022600,36081071100,178.96
36085023100,36081071100,131.47
36085023900,36081071100,126.91
36085024700,36081071100,123.78
36085025100,36081071100,128.37
36085027301,36081071100,135.03
36085027302,36081071100,130.62
36085030301,36081071100,130.33
36085027702,36081071100,147.71
36085027900,36081071100,140.24
36085017005,36081071100,162.67
36085029102,36081071100,143.45
36085031901,36081071100,131.33
36085031902,36081071100,132.17
36085032300,36081071100,134.18
36085013203,36081071100,148.12
36085017007,36081071100,158.9
36085029104,36081071100,134.33
36085029103,36081071100,135.8
36085014604,36081071100,156.84
36085017009,36081071100,165.76
36085022800,36081071100,166.56
36085027705,36081071100,141.44
36085027706,36081071100,141.58
36085990100,36081071100,158.88
36085006700,36081071100,108.76
36085018100,36081071100,133.64
36085019800,36081071100,176.11
36085012805,36081071100,143.48
36085012806,36081071100,140.24
36085014607,36081071100,154.35
36085014608,36081071100,150.22
36085017011,36081071100,159.36
36085017012,36081071100,157.76
36061027100,36081071100,99.02
36061012900,36081071100,67.56
36061014401,36081071100,59.78
36061009900,36081071100,72.78
36061014601,36081071100,59.08
36061015400,36081071100,61.54
36061015801,36081071100,63.01
36061015601,36081071100,60.94
36061029500,36081071100,106.71
36061024000,36081071100,68.61
36061001401,36081071100,53.75
36061021703,36081071100,80.66
36061015200,36081071100,61.13
36061022900,36081071100,85.31
36061016100,36081071100,64.89
36061024700,36081071100,92.86
36061016300,36081071100,65.88
36061020600,36081071100,74.71
36061016500,36081071100,66.91
36061018300,36081071100,70.31
36061018000,36081071100,65.44
36061016002,36081071100,63.98
36061016700,36081071100,67.11
36061017500,36081071100,70.27
36061024900,36081071100,91.34
36061021900,36081071100,81.8
36061017000,36081071100,64.03
36061016900,36081071100,67.06
36061023900,36081071100,87.99
36061017100,36081071100,69.61
36061018100,36081071100,68.73
36061020102,36081071100,74.11
36061017402,36081071100,68.49
36061028700,36081071100,105.29
36061000201,36081071100,56.99
36061016400,36081071100,61.67
36061018200,36081071100,68.34
36061022301,36081071100,82.98
36061018500,36081071100,69.46
36061021000,36081071100,76.68
36061027700,36081071100,100.88
36061023502,36081071100,85.44
36061022102,36081071100,81.39
36061019701,36081071100,75.8
36061019500,36081071100,74.63
36061018900,36081071100,71.46
36061024100,36081071100,89.64
36061019000,36081071100,71.09
36061020101,36081071100,76.69
36061021400,36081071100,80.78
36061020800,36081071100,76.53
36061018800,36081071100,67.06
36061023000,36081071100,80.91
36061026300,36081071100,97.43
36061022400,36081071100,76.64
36061008700,36081071100,69.48
36061023700,36081071100,88.29
36061024500,36081071100,90.81
36061010601,36081071100,52.97
36061022200,36081071100,75.08
36061024302,36081071100,88.27
36061021200,36081071100,77.02
36061022500,36081071100,84.08
36061011401,36081071100,54.95
36061023200,36081071100,81.21
36061009600,36081071100,60.69
36061011203,36081071100,53.98
36061030300,36081071100,110.72
36061023300,36081071100,86.52
36061022302,36081071100,83.84
36061025300,36081071100,94.77
36061020901,36081071100,78.26
36061023600,36081071100,83.99
36061030900,36081071100,112.95
36061025100,36081071100,92.45
36061025500,36081071100,96.13
36061026700,36081071100,98.88
36061028100,36081071100,106.59
36061029100,36081071100,104.71
36061029700,36081071100,113.26
36061020701,36081071100,77.9
36061028300,36081071100,104.78
36061006200,36081071100,62.55
36061002500,36081071100,60.61
36061005800,36081071100,67.89
36061006000,36081071100,65.36
36061022600,36081071100,78.48
36061009000,36081071100,56.8
36061002202,36081071100,56.41
36061011500,36081071100,66.82
36061027500,36081071100,101.64
36061014700,36081071100,63.88
36061015001,36081071100,62.82
36061015500,36081071100,64.81
36061020300,36081071100,83.04
36061019702,36081071100,72.62
36061010400,36081071100,58.28
36061000500,36081071100,82.26
36061003400,36081071100,59.17
36061003001,36081071100,54.78
36061000202,36081071100,58.33
36061014900,36081071100,61.05
36061000800,36081071100,58.92
36061004100,36081071100,57.68
36061001402,36081071100,52.35
36061017300,36081071100,68.08
36061002601,36081071100,57.0
36061019400,36081071100,68.23
36061024301,36081071100,89.89
36061014300,36081071100,65.7
36061001502,36081071100,64.66
36061006600,36081071100,62.3
36061011201,36081071100,56.11
36061000100,36081071100,100.68
36061028500,36081071100,105.01
36061003601,36081071100,56.61
36061012200,36081071100,57.05
36061007000,36081071100,61.35
36061019100,36081071100,73.27
36061019300,36081071100,72.55
36061017401,36081071100,67.67
36061002400,36081071100,60.34
36061017800,36081071100,68.14
36061006800,36081071100,64.29
36061003200,36081071100,57.82
36061007500,36081071100,67.37
36061002700,36081071100,59.55
36061000700,36081071100,65.05
36061012000,36081071100,54.9
36061013500,36081071100,65.26
36061013700,36081071100,58.55
36061012400,36081071100,56.71
36061012700,36081071100,63.01
36061013400,36081071100,56.98
36061020000,36081071100,72.83
36061014200,36081071100,61.33
36061009100,36081071100,69.03
36061009400,36081071100,58.92
36061011000,36081071100,51.81
36061010602,36081071100,53.68
36061014000,36081071100,59.83
36061010800,36081071100,52.55
36061007700,36081071100,68.72
36061007400,36081071100,63.31
36061012500,36081071100,61.3
36061011202,36081071100,54.57
36061015900,36081071100,65.03
36061015602,36081071100,61.85
36061014602,36081071100,60.61
36061020500,36081071100,78.55
36061029300,36081071100,105.68
36061031100,36081071100,98.53
36061002900,36081071100,60.64
36061010200,36081071100,56.66
36061008000,36081071100,60.91
36061012100,36081071100,64.6
36061000600,36081071100,56.73
36061009200,36081071100,56.8
36061001200,36081071100,55.97
36061005501,36081071100,61.24
36061003002,36081071100,56.11
36061003100,36081071100,61.73
36061001300,36081071100,67.56
36061001800,36081071100,54.95
36061017900,36081071100,71.53
36061001002,36081071100,57.16
36061004700,36081071100,61.61
36061014500,36081071100,61.5
36061004800,36081071100,62.98
36061002800,36081071100,59.83
36061005900,36081071100,62.5
36061005700,36081071100,61.99
36061003602,36081071100,58.41
36061013600,36081071100,60.09
36061012600,36081071100,54.64
36061031900,36081071100,69.75
36061014402,36081071100,59.54
36061003900,36081071100,65.0
36061001501,36081071100,63.41
36061004200,36081071100,63.54
36061002201,36081071100,56.04
36061014802,36081071100,62.1
36061008400,36081071100,64.21
36061002000,36081071100,59.67
36061001001,36081071100,58.8
36061004300,36081071100,58.17
36061008100,36081071100,67.83
36061005502,36081071100,59.73
36061010300,36081071100,70.3
36061010000,36081071100,54.35
36061011100,36081071100,67.18
36061022800,36081071100,79.22
36061006500,36081071100,63.49
36061001600,36081071100,57.26
36061009300,36081071100,71.26
36061003800,36081071100,59.04
36061005000,36081071100,64.67
36061006400,36081071100,63.49
36061008300,36081071100,69.41
36061007900,36081071100,68.97
36061022000,36081071100,73.95
36061004500,36081071100,59.83
36061027900,36081071100,103.33
36061023400,36081071100,83.18
36061018700,36081071100,71.86
36061002100,36081071100,64.74
36061018400,36081071100,69.72
36061007600,36081071100,64.48
36061016200,36081071100,65.56
36061030700,36081071100,110.16
36061006100,36081071100,64.91
36061009500,36081071100,68.94
36061002602,36081071100,58.12
36061006900,36081071100,66.47
36061008800,36081071100,58.75
36061007100,36081071100,65.97
36061023501,36081071100,86.24
36061007200,36081071100,62.23
36061003300,36081071100,62.98
36061015002,36081071100,63.55
36061007300,36081071100,65.51
36061010100,36081071100,67.7
36061010900,36081071100,66.55
36061004000,36081071100,61.55
36061027300,36081071100,100.08
36061009700,36081071100,70.23
36061006700,36081071100,64.86
36061004900,36081071100,60.73
36061018600,36081071100,70.33
36061009800,36081071100,54.07
36061019900,36081071100,76.28
36061008200,36081071100,61.62
36061005200,36081071100,66.57
36061005600,36081071100,65.64
36061016600,36081071100,64.07
36061000900,36081071100,66.61
36061026100,36081071100,95.14
36061013800,36081071100,57.87
36061017700,36081071100,69.52
36061011600,36081071100,54.4
36061011700,36081071100,68.06
36061008900,36081071100,70.52
36061006300,36081071100,66.38
36061007800,36081071100,59.34
36061019600,36081071100,70.22
36061026900,36081071100,98.08
36061014801,36081071100,61.15
36061012800,36081071100,57.22
36061011800,36081071100,53.31
36061021800,36081071100,72.58
36061021100,36081071100,80.44
36061005400,36081071100,66.67
36061011402,36081071100,53.77
36061013900,36081071100,60.45
36061013300,36081071100,62.12
36061015802,36081071100,62.27
36061019200,36081071100,72.31
36061016800,36081071100,66.77
36061011300,36081071100,64.62
36061021600,36081071100,71.15
36061013000,36081071100,58.72
36061019800,36081071100,72.56
36061011900,36081071100,63.1
36061016001,36081071100,63.49
36061015700,36081071100,63.52
36061026500,36081071100,97.63
36061015300,36081071100,62.39
36061013200,36081071100,57.88
36061015100,36081071100,64.45
36061013100,36081071100,60.18
36061017200,36081071100,65.89
36061021500,36081071100,78.68
36061025700,36081071100,75.63
36061003700,36081071100,62.48
36061024200,36081071100,71.92
36061025900,36081071100,82.91
36061029900,36081071100,103.36
36061008601,36081071100,58.58
36061008603,36081071100,53.14
36061022700,36081071100,84.65
36061023100,36081071100,85.08
36061023801,36081071100,50.88
36061023802,36081071100,51.27
36061031703,36081071100,66.8
36061031704,36081071100,70.3
36061004400,36081071100,65.11
36061008602,36081071100,66.31
36061021303,36081071100,78.83
36047031500,36081071100,45.21
36047031701,36081071100,47.01
36047031702,36081071100,48.18
36047031900,36081071100,49.1
36047032100,36081071100,51.76
36047032300,36081071100,52.16
36047032500,36081071100,53.13
36047032600,36081071100,95.59
36047032700,36081071100,53.73
36047032800,36081071100,97.92
36047032900,36081071100,50.02
36047033000,36081071100,99.32
36047033100,36081071100,46.99
36047033300,36081071100,47.25
36047033500,36081071100,46.54
36047033600,36081071100,99.77
36047033700,36081071100,45.33
36047033900,36081071100,44.4
36047034000,36081071100,99.14
36047034100,36081071100,44.87
36047034200,36081071100,100.61
36047034300,36081071100,43.82
36047034500,36081071100,41.08
36047034700,36081071100,40.13
36047034900,36081071100,42.0
36047035000,36081071100,93.48
36047035100,36081071100,42.67
36047053400,36081071100,70.79
36047053500,36081071100,44.61
36047053700,36081071100,43.98
36047053800,36081071100,71.2
36047053900,36081071100,45.98
36047054200,36081071100,73.19
36047054300,36081071100,46.71
36047054400,36081071100,71.79
36047054500,36081071100,46.15
36047054700,36081071100,44.6
36047054800,36081071100,69.58
36047054900,36081071100,44.39
36047055000,36081071100,71.29
36047055100,36081071100,44.11
36047055200,36081071100,72.19
36047055300,36081071100,42.57
36047055400,36081071100,73.27
36047055500,36081071100,44.29
36047055600,36081071100,75.02
36047055700,36081071100,43.66
36047055800,36081071100,74.72
36047056000,36081071100,73.35
36047056200,36081071100,72.23
36047056300,36081071100,47.49
36047056400,36081071100,70.5
36047048600,36081071100,69.16
36047048800,36081071100,68.78
36047048900,36081071100,38.31
36047049000,36081071100,68.12
36047049100,36081071100,39.4
36047049200,36081071100,67.69
36047066600,36081071100,82.08
36047075800,36081071100,68.75
36047000100,36081071100,56.95
36047000200,36081071100,74.03
36047000301,36081071100,57.02
36047000700,36081071100,58.48
36047000900,36081071100,56.46
36047001100,36081071100,53.62
36047001300,36081071100,54.77
36047001800,36081071100,68.69
36047002000,36081071100,76.45
36047002100,36081071100,56.15
36047018800,36081071100,82.58
36047019000,36081071100,80.79
36047019100,36081071100,45.38
36047019200,36081071100,78.37
36047019300,36081071100,45.97
36047019400,36081071100,79.64
36047019500,36081071100,45.77
36047019600,36081071100,81.49
36047019700,36081071100,47.22
36047019800,36081071100,82.9
36047019900,36081071100,47.81
36047020000,36081071100,83.89
36047020100,36081071100,47.73
36047020200,36081071100,84.07
36047020300,36081071100,49.72
36047020400,36081071100,84.14
36047020500,36081071100,50.99
36047020600,36081071100,83.87
36047020700,36081071100,52.23
36047020800,36081071100,82.66
36047021000,36081071100,81.38
36047021200,36081071100,80.06
36047021300,36081071100,52.98
36047021400,36081071100,78.06
36047021500,36081071100,53.7
36047021600,36081071100,77.31
36047021700,36081071100,50.33
36047021800,36081071100,76.51
36047093000,36081071100,48.39
36047093400,36081071100,49.79
36047093600,36081071100,49.39
36047093800,36081071100,47.88
36047094401,36081071100,53.85
36047094402,36081071100,57.36
36047095000,36081071100,54.54
36047095400,36081071100,53.73
36047095600,36081071100,55.49
36047095800,36081071100,53.02
36047096000,36081071100,50.67
36047096200,36081071100,49.98
36047096400,36081071100,51.2
36047096600,36081071100,52.22
36047096800,36081071100,49.99
36047097000,36081071100,48.45
36047097400,36081071100,48.95
36047098200,36081071100,48.09
36047098400,36081071100,49.08
36047098600,36081071100,50.09
36047098800,36081071100,51.4
36047099000,36081071100,52.93
36047099200,36081071100,53.78
36047099400,36081071100,55.74
36047099600,36081071100,56.75
36047074600,36081071100,64.33
36047074800,36081071100,65.84
36047075000,36081071100,64.49
36047075200,36081071100,65.94
36047075400,36081071100,67.49
36047075600,36081071100,67.12
36047076000,36081071100,69.07
36047076200,36081071100,67.38
36047076400,36081071100,66.62
36047076600,36081071100,65.84
36047077000,36081071100,62.52
36047077200,36081071100,65.63
36047077400,36081071100,63.35
36047077600,36081071100,61.61
36047078000,36081071100,58.83
36047078200,36081071100,61.34
36047078400,36081071100,60.2
36047078600,36081071100,61.62
36047078800,36081071100,61.52
36047079000,36081071100,61.47
36047079200,36081071100,60.64
36047079400,36081071100,59.22
36047080000,36081071100,52.12
36047080200,36081071100,53.6
36047080400,36081071100,51.29
36047080600,36081071100,48.32
36047035200,36081071100,97.56
36047035300,36081071100,43.61
36047035400,36081071100,92.49
36047035500,36081071100,44.88
36047035700,36081071100,40.56
36047035900,36081071100,39.85
36047036001,36081071100,90.06
36047036002,36081071100,89.45
36047036100,36081071100,38.32
36047036200,36081071100,89.39
36047036300,36081071100,37.29
36047036400,36081071100,87.99
36047036501,36081071100,35.59
36047036502,36081071100,33.83
36047036600,36081071100,87.62
36047036700,36081071100,32.85
36047036900,36081071100,32.13
36047037000,36081071100,84.71
36047037100,36081071100,31.89
36047037300,36081071100,30.44
36047037500,36081071100,33.06
36047037700,36081071100,33.02
36047056500,36081071100,45.71
36047056600,36081071100,72.66
36047056800,36081071100,73.29
36047056900,36081071100,42.23
36047057000,36081071100,74.22
36047057100,36081071100,41.46
36047057200,36081071100,75.67
36047057300,36081071100,42.68
36047057400,36081071100,73.61
36047057500,36081071100,44.4
36047057600,36081071100,74.19
36047057800,36081071100,75.57
36047057900,36081071100,45.21
36047058000,36081071100,77.27
36047058200,36081071100,77.88
36047058400,36081071100,80.44
36047058600,36081071100,78.86
36047058800,36081071100,82.86
36047058900,36081071100,41.49
36047059000,36081071100,80.95
36047059100,36081071100,41.28
36047059200,36081071100,78.86
36047059300,36081071100,39.38
36047059401,36081071100,77.96
36047059402,36081071100,77.42
36047002200,36081071100,79.09
36047002300,36081071100,53.78
36047002901,36081071100,50.1
36047003000,36081071100,82.68
36047003100,36081071100,51.55
36047003300,36081071100,52.73
36047003400,36081071100,85.39
36047003500,36081071100,50.93
36047003600,36081071100,84.66
36047003700,36081071100,53.87
36047003800,36081071100,86.78
36047003900,36081071100,52.59
36047004100,36081071100,54.28
36047004300,36081071100,55.61
36047004500,36081071100,58.52
36047004700,36081071100,62.45
36047060600,36081071100,83.38
36047004900,36081071100,60.44
36047005000,36081071100,91.04
36047005100,36081071100,63.18
36047005201,36081071100,91.94
36047005202,36081071100,92.45
36047005400,36081071100,92.38
36047021900,36081071100,48.98
36047022000,36081071100,74.95
36047022100,36081071100,48.12
36047022200,36081071100,73.39
36047022400,36081071100,71.65
36047022600,36081071100,70.58
36047022700,36081071100,45.44
36047022800,36081071100,70.14
36047022900,36081071100,44.42
36047023000,36081071100,71.04
36047023100,36081071100,45.07
36047023200,36081071100,72.6
36047023300,36081071100,45.03
36047023400,36081071100,74.4
36047023500,36081071100,42.64
36047023600,36081071100,74.57
36047023800,36081071100,75.39
36047024000,36081071100,76.97
36047024100,36081071100,43.17
36047024200,36081071100,77.97
36047024300,36081071100,44.27
36047024400,36081071100,77.79
36047024500,36081071100,42.83
36047024600,36081071100,77.84
36047024700,36081071100,46.96
36047024800,36081071100,79.85
36047024900,36081071100,41.62
36047099800,36081071100,59.0
36047100400,36081071100,58.28
36047100600,36081071100,57.23
36047100800,36081071100,55.92
36047101000,36081071100,54.56
36047101200,36081071100,53.63
36047101400,36081071100,51.94
36047101600,36081071100,50.78
36047101800,36081071100,52.17
36047102000,36081071100,54.17
36047102200,36081071100,55.22
36047102400,36081071100,57.29
36047102600,36081071100,60.14
36047102800,36081071100,58.76
36047103400,36081071100,57.37
36047107000,36081071100,41.09
36047107800,36081071100,41.62
36047109800,36081071100,45.79
36047110600,36081071100,41.62
36047111000,36081071100,39.5
36047111800,36081071100,33.06
36047112000,36081071100,35.54
36047112200,36081071100,37.2
36047112400,36081071100,36.66
36047081000,36081071100,50.51
36047081400,36081071100,52.12
36047081600,36081071100,53.39
36047081800,36081071100,54.59
36047114400,36081071100,34.47
36047011900,36081071100,57.17
36047015200,36081071100,89.14
36047016600,36081071100,85.96
36047021100,36081071100,48.73
36047048500,36081071100,35.65
36047056100,36081071100,44.27
36047062000,36081071100,90.68
36047080800,36081071100,48.98
36047092400,36081071100,38.21
36047093200,36081071100,54.83
36047110400,36081071100,40.79
36047111600,36081071100,36.93
36047123700,36081071100,42.36
36047150200,36081071100,65.43
36047004400,36081071100,88.08
36047005300,36081071100,68.71
36047037900,36081071100,33.38
36047038100,36081071100,35.28
36047038200,36081071100,86.72
36047038300,36081071100,34.53
36047038500,36081071100,34.0
36047038600,36081071100,83.9
36047038700,36081071100,34.68
36047038800,36081071100,83.04
36047038900,36081071100,35.34
36047039000,36081071100,81.69
36047039100,36081071100,34.75
36047039200,36081071100,79.76
36047039300,36081071100,32.93
36047039400,36081071100,80.39
36047039500,36081071100,31.8
36047039600,36081071100,81.19
36047039700,36081071100,31.07
36047039800,36081071100,83.15
36047039900,36081071100,30.25
36047040000,36081071100,82.34
36047040100,36081071100,29.65
36047040200,36081071100,84.8
36047040300,36081071100,29.25
36047059600,36081071100,78.08
36047059800,36081071100,79.41
36047119000,36081071100,27.53
36047060000,36081071100,80.5
36047060800,36081071100,83.66
36047062800,36081071100,78.44
36047061200,36081071100,87.88
36047062200,36081071100,82.99
36047062600,36081071100,76.17
36047063200,36081071100,73.07
36047063600,36081071100,68.65
36047063800,36081071100,70.21
36047064000,36081071100,67.92
36047064200,36081071100,69.18
36047064400,36081071100,67.53
36047064600,36081071100,66.3
36047064800,36081071100,64.89
36047065000,36081071100,63.95
36047065200,36081071100,65.66
36047065400,36081071100,66.4
36047065600,36081071100,66.31
36047065800,36081071100,69.0
36047066000,36081071100,67.05
36047005601,36081071100,92.99
36047005602,36081071100,93.18
36047005800,36081071100,90.74
36047005900,36081071100,67.22
36047006000,36081071100,89.44
36047006200,36081071100,87.88
36047006300,36081071100,62.77
36047006400,36081071100,85.63
36047006500,36081071100,62.83
36047006600,36081071100,84.1
36047006700,36081071100,60.33
36047006800,36081071100,82.28
36047006900,36081071100,57.17
36047007000,36081071100,81.16
36047007100,36081071100,56.91
36047007200,36081071100,79.56
36047007400,36081071100,77.86
36047007500,36081071100,59.18
36047007600,36081071100,76.29
36047007700,36081071100,61.11
36047007800,36081071100,75.05
36047008000,36081071100,74.05
36047008200,36081071100,72.54
36047008400,36081071100,69.96
36047008500,36081071100,68.37
36047025000,36081071100,79.68
36047025100,36081071100,42.79
36047025200,36081071100,80.26
36047025300,36081071100,39.73
36047025400,36081071100,79.57
36047025500,36081071100,40.14
36047025600,36081071100,79.49
36047025700,36081071100,38.7
36047025800,36081071100,81.23
36047025901,36081071100,39.0
36047025902,36081071100,39.59
36047026000,36081071100,80.81
36047026100,36081071100,39.33
36047026200,36081071100,81.41
36047026300,36081071100,39.71
36047026400,36081071100,83.47
36047026500,36081071100,39.52
36047026600,36081071100,81.69
36047026700,36081071100,40.02
36047026800,36081071100,82.81
36047026900,36081071100,41.04
36047027000,36081071100,84.06
36047027200,36081071100,83.77
36047027300,36081071100,38.21
36047027400,36081071100,84.08
36047027500,36081071100,39.43
36047027600,36081071100,84.46
36047027700,36081071100,38.47
36047112600,36081071100,37.89
36047112800,36081071100,39.91
36047113000,36081071100,40.63
36047113200,36081071100,41.46
36047113400,36081071100,38.65
36047114201,36081071100,31.38
36047114202,36081071100,29.41
36047114600,36081071100,30.13
36047115000,36081071100,32.72
36047115200,36081071100,34.26
36047115600,36081071100,37.59
36047115800,36081071100,36.44
36047116000,36081071100,35.43
36047116200,36081071100,35.16
36047116400,36081071100,34.25
36047116600,36081071100,31.26
36047116800,36081071100,28.54
36047117000,36081071100,31.15
36047117201,36081071100,29.68
36047117202,36081071100,27.06
36047117400,36081071100,27.21
36047117601,36081071100,25.15
36047117602,36081071100,25.65
36047117800,36081071100,28.16
36047118000,36081071100,25.87
36047012600,36081071100,82.5
36047027100,36081071100,39.75
36047030500,36081071100,48.68
36047034800,36081071100,92.27
36047044900,36081071100,36.58
36047046000,36081071100,68.85
36047076800,36081071100,72.84
36047094600,36081071100,51.59
36047105804,36081071100,47.45
36047119800,36081071100,33.06
36047152200,36081071100,65.8
36047000501,36081071100,56.79
36047000502,36081071100,55.47
36047001500,36081071100,51.79
36047035601,36081071100,89.53
36047035602,36081071100,89.36
36047037401,36081071100,85.69
36047037402,36081071100,86.88
36047050801,36081071100,59.45
36047050803,36081071100,59.13
36047050804,36081071100,59.25
36047051001,36081071100,61.82
36047028200,36081071100,89.27
36047028300,36081071100,36.59
36047028400,36081071100,86.29
36047028501,36081071100,36.18
36047028502,36081071100,37.32
36047028600,36081071100,89.19
36047028700,36081071100,34.5
36047028800,36081071100,86.79
36047028900,36081071100,35.26
36047029000,36081071100,86.7
36047029100,36081071100,36.18
36047029200,36081071100,89.04
36047029300,36081071100,36.47
36047029400,36081071100,90.61
36047029500,36081071100,37.12
36047029600,36081071100,87.22
36047029700,36081071100,37.74
36047029800,36081071100,85.42
36047029900,36081071100,37.0
36047030000,36081071100,86.51
36047030100,36081071100,33.78
36047030200,36081071100,87.51
36047030300,36081071100,35.89
36047030400,36081071100,88.87
36047030600,36081071100,88.3
36047030700,36081071100,39.61
36047030800,36081071100,90.81
36047030900,36081071100,39.86
36047031100,36081071100,41.27
36047031300,36081071100,43.45
36047031400,36081071100,89.79
36047040400,36081071100,83.59
36047040500,36081071100,30.97
36047040600,36081071100,83.24
36047040700,36081071100,27.88
36047040800,36081071100,81.58
36047040900,36081071100,25.88
36047041000,36081071100,80.46
36047041100,36081071100,27.15
36047041200,36081071100,79.18
36047041300,36081071100,27.94
36047041401,36081071100,79.24
36047041402,36081071100,77.19
36047041500,36081071100,28.31
36047041600,36081071100,76.94
36047041700,36081071100,29.36
36047041800,36081071100,75.3
36047041900,36081071100,30.68
36047049300,36081071100,36.04
36047049400,36081071100,66.87
36047049500,36081071100,36.67
36047049600,36081071100,68.29
36047049700,36081071100,37.22
36047049800,36081071100,67.9
36047049900,36081071100,39.73
36047050000,36081071100,65.32
36047050100,36081071100,38.42
36047050202,36081071100,63.17
36047066200,36081071100,67.79
36047067000,36081071100,65.54
36047042000,36081071100,74.83
36047042100,36081071100,31.38
36047042200,36081071100,77.22
36047042300,36081071100,31.56
36047042400,36081071100,79.84
36047042500,36081071100,33.31
36047042600,36081071100,81.03
36047042700,36081071100,32.08
36047042800,36081071100,82.58
36047042900,36081071100,31.62
36047043000,36081071100,82.39
36047043100,36081071100,29.33
36047043200,36081071100,79.9
36047043300,36081071100,28.61
36047043400,36081071100,79.18
36047043500,36081071100,28.11
36047043600,36081071100,79.11
36047043700,36081071100,26.48
36047043800,36081071100,77.57
36047043900,36081071100,26.21
36047044000,36081071100,77.52
36047044100,36081071100,27.33
36047044200,36081071100,74.92
36047044300,36081071100,28.15
36047008600,36081071100,76.73
36047008800,36081071100,73.18
36047009000,36081071100,73.75
36047009200,36081071100,74.51
36047009400,36081071100,75.58
36047009600,36081071100,75.17
36047009800,36081071100,76.3
36047010000,36081071100,77.79
36047010100,36081071100,68.05
36047010200,36081071100,79.04
36047010400,36081071100,79.14
36047010600,36081071100,77.98
36047010800,36081071100,76.88
36047011000,36081071100,71.74
36047011200,36081071100,73.75
36047011400,36081071100,75.78
36047011600,36081071100,77.01
36047011700,36081071100,62.53
36047011800,36081071100,81.34
36047012000,36081071100,80.81
36047012100,36081071100,60.38
36047012200,36081071100,79.81
36047012700,36081071100,54.41
36047012801,36081071100,82.47
36047012901,36081071100,54.77
36047012902,36081071100,53.84
36047013000,36081071100,83.07
36047013100,36081071100,56.15
36047050300,36081071100,37.62
36047050400,36081071100,64.31
36047050500,36081071100,38.52
36047050600,36081071100,62.98
36047050700,36081071100,38.99
36047050900,36081071100,41.29
36047051100,36081071100,39.95
36047051200,36081071100,63.32
36047051300,36081071100,38.48
36047051400,36081071100,62.9
36047051500,36081071100,40.31
36047051700,36081071100,43.35
36047051800,36081071100,65.17
36047051900,36081071100,41.98
36047052000,36081071100,65.87
36047052300,36081071100,42.61
36047052500,36081071100,42.49
36047052600,36081071100,67.19
36047052700,36081071100,40.73
36047052800,36081071100,69.79
36047052900,36081071100,41.42
36047053000,36081071100,70.59
36047053100,36081071100,41.81
36047053200,36081071100,69.45
36047053300,36081071100,42.76
36047044400,36081071100,76.61
36047044500,36081071100,30.07
36047044600,36081071100,77.3
36047044700,36081071100,30.42
36047044800,36081071100,76.54
36047045000,36081071100,73.95
36047045200,36081071100,74.09
36047045300,36081071100,32.43
36047045400,36081071100,73.43
36047045600,36081071100,71.05
36047045800,36081071100,71.88
36047046201,36081071100,71.74
36047046202,36081071100,74.19
36047046400,36081071100,74.68
36047046800,36081071100,75.93
36047047000,36081071100,76.85
36047047200,36081071100,74.91
36047047400,36081071100,75.14
36047047600,36081071100,73.17
36047047700,36081071100,37.27
36047047800,36081071100,72.36
36047048000,36081071100,72.46
36047048100,36081071100,34.79
36047048200,36081071100,69.28
36047048400,36081071100,70.66
36047013200,36081071100,82.58
36047013300,36081071100,57.53
36047013400,36081071100,85.45
36047013500,36081071100,59.0
36047013600,36081071100,85.48
36047013700,36081071100,60.0
36047013800,36081071100,87.76
36047013900,36081071100,61.52
36047014000,36081071100,85.97
36047014100,36081071100,62.93
36047014200,36081071100,87.09
36047014300,36081071100,64.19
36047014500,36081071100,65.49
36047014700,36081071100,65.06
36047014800,36081071100,87.26
36047014900,36081071100,62.51
36047015000,36081071100,86.5
36047015100,36081071100,60.39
36047015300,36081071100,58.97
36047015400,36081071100,89.93
36047015500,36081071100,57.71
36047015700,36081071100,56.07
36047015900,36081071100,54.99
36047016000,36081071100,89.43
36047016100,36081071100,52.69
36047016200,36081071100,92.06
36047027800,36081071100,87.25
36047027900,36081071100,37.77
36047028000,36081071100,89.38
36047028100,36081071100,38.25
36047082000,36081071100,55.0
36047082200,36081071100,56.09
36047082400,36081071100,56.67
36047082600,36081071100,58.71
36047082800,36081071100,60.06
36047083000,36081071100,58.89
36047083200,36081071100,57.3
36047083400,36081071100,55.99
36047083600,36081071100,56.97
36047083800,36081071100,54.92
36047084000,36081071100,53.49
36047084600,36081071100,52.14
36047084800,36081071100,50.33
36047085000,36081071100,53.28
36047085200,36081071100,54.17
36047085400,36081071100,56.81
36047085600,36081071100,58.73
36047085800,36081071100,53.86
36047086000,36081071100,51.03
36047086200,36081071100,49.35
36047086400,36081071100,46.57
36047086600,36081071100,47.98
36047086800,36081071100,48.04
36047118201,36081071100,24.69
36047118202,36081071100,24.51
36047118400,36081071100,25.58
36047118600,36081071100,26.73
36047118800,36081071100,28.1
36047119200,36081071100,29.81
36047119400,36081071100,31.72
36047119600,36081071100,30.42
36047120000,36081071100,31.08
36047120800,36081071100,35.08
36047121000,36081071100,34.05
36047121400,36081071100,35.13
36047122000,36081071100,39.1
36047054600,36081071100,70.87
36047120200,36081071100,28.57
36047072600,36081071100,57.65
36047004600,36081071100,88.41
36047061002,36081071100,89.93
36047061600,36081071100,91.88
36047067200,36081071100,63.17
36047067400,36081071100,61.9
36047067600,36081071100,59.54
36047067800,36081071100,59.53
36047051002,36081071100,61.0
36047051601,36081071100,63.3
36047051602,36081071100,62.85
36047061003,36081071100,87.17
36047061004,36081071100,88.08
36047069601,36081071100,59.93
36047069602,36081071100,62.17
36047079601,36081071100,57.11
36047079602,36081071100,58.27
36047079801,36081071100,53.98
36047079802,36081071100,55.96
36047105801,36081071100,47.36
36047990100,36081071100,93.81
36047016300,36081071100,53.23
36047016400,36081071100,92.7
36047016500,36081071100,56.65
36047016700,36081071100,60.34
36047016800,36081071100,91.49
36047016900,36081071100,62.65
36047017000,36081071100,87.71
36047017100,36081071100,63.53
36047017200,36081071100,88.59
36047017400,36081071100,89.91
36047017500,36081071100,72.05
36047017600,36081071100,89.7
36047017700,36081071100,61.75
36047017800,36081071100,88.27
36047017900,36081071100,50.12
36047018000,36081071100,87.98
36047018100,36081071100,49.43
36047018200,36081071100,85.32
36047018300,36081071100,46.95
36047018400,36081071100,84.89
36047018501,36081071100,48.91
36047018600,36081071100,83.63
36047018700,36081071100,47.13
36047087000,36081071100,49.18
36047087200,36081071100,50.73
36047087401,36081071100,47.6
36047087600,36081071100,46.66
36047087800,36081071100,46.37
36047088000,36081071100,44.6
36047088200,36081071100,44.57
36047088400,36081071100,43.38
36047088600,36081071100,44.2
36047088800,36081071100,46.34
36047089000,36081071100,43.69
36047089200,36081071100,42.77
36047089400,36081071100,41.62
36047089600,36081071100,43.09
36047089800,36081071100,41.84
36047090000,36081071100,40.11
36047090200,36081071100,38.18
36047090600,36081071100,37.12
36047090800,36081071100,37.32
36047091000,36081071100,39.23
36047091200,36081071100,40.46
36047091600,36081071100,41.44
36047091800,36081071100,41.62
36047092000,36081071100,42.37
36047092200,36081071100,43.34
36047092800,36081071100,46.76
36047068000,36081071100,60.75
36047068200,36081071100,63.04
36047068600,36081071100,64.98
36047068800,36081071100,63.48
36047069000,36081071100,62.26
36047069200,36081071100,61.41
36047069800,36081071100,65.1
36047070000,36081071100,64.31
36047070201,36081071100,68.11
36047070202,36081071100,109.21
36047070203,36081071100,61.5
36047070600,36081071100,66.38
36047072000,36081071100,58.32
36047072200,36081071100,57.64
36047072400,36081071100,54.99
36047072800,36081071100,57.83
36047073000,36081071100,59.2
36047073200,36081071100,59.24
36047073400,36081071100,60.44
36047073600,36081071100,61.51
36047073800,36081071100,63.45
36047074000,36081071100,61.95
36047074200,36081071100,63.67
36047074400,36081071100,64.87
36119002103,36081071100,161.25
36119004900,36081071100,173.28
36119005001,36081071100,168.8
36119005002,36081071100,163.03
36119005100,36081071100,157.87
36119004800,36081071100,155.15
36119009100,36081071100,194.26
36119007700,36081071100,202.4
36119007402,36081071100,183.49
36119008301,36081071100,214.75
36119005600,36081071100,150.56
36119009600,36081071100,192.22
36119010600,36081071100,182.89
36119010701,36081071100,172.21
36119010803,36081071100,191.92
36119010901,36081071100,206.98
36119010902,36081071100,203.33
36119010903,36081071100,200.86
36119009800,36081071100,182.41
36119009900,36081071100,184.25
36119010000,36081071100,182.85
36119010100,36081071100,172.72
36119011000,36081071100,209.45
36119011101,36081071100,210.06
36119011102,36081071100,190.88
36119011300,36081071100,190.41
36119010400,36081071100,178.26
36119010500,36081071100,184.48
36119008800,36081071100,200.75
36119008901,36081071100,203.28
36119008902,36081071100,206.37
36119009000,36081071100,201.2
36119009200,36081071100,191.28
36119009300,36081071100,196.48
36119009400,36081071100,196.5
36119009500,36081071100,195.44
36059302800,36081071100,66.16
36059302700,36081071100,64.71
36059302600,36081071100,63.53
36119011200,36081071100,203.29
36119010702,36081071100,179.65
36119010801,36081071100,189.73
36119010804,36081071100,187.35
36119010200,36081071100,170.18
36119009701,36081071100,192.23
36119000101,36081071100,136.91
36119000103,36081071100,138.25
36119000104,36081071100,143.8
36119000201,36081071100,135.51
36119000202,36081071100,134.56
36119000203,36081071100,131.28
36119000300,36081071100,138.96
36119000401,36081071100,141.74
36119000402,36081071100,144.69
36119000500,36081071100,142.89
36059302000,36081071100,97.83
36059301900,36081071100,84.42
36059301800,36081071100,74.63
36119010300,36081071100,167.35
36119011400,36081071100,206.8
36119011500,36081071100,207.25
36119011600,36081071100,212.53
36119007401,36081071100,182.56
36119008302,36081071100,223.05
36119000600,36081071100,145.6
36119000701,36081071100,151.64
36119000702,36081071100,152.92
36119000801,36081071100,153.75
36119000802,36081071100,154.79
36119000803,36081071100,149.27
36119000900,36081071100,162.26
36081039900,36081071100,23.62
36081040000,36081071100,44.52
36081040100,36081071100,24.22
36081040200,36081071100,40.54
36081040300,36081071100,21.46
36081040400,36081071100,38.37
36081040500,36081071100,20.96
36081040700,36081071100,21.26
36081040900,36081071100,20.01
36081041100,36081071100,18.23
36081041300,36081071100,20.1
36081041400,36081071100,36.11
36081041500,36081071100,19.84
36081042600,36081071100,45.7
36081042700,36081071100,19.04
36081043200,36081071100,39.46
36081043400,36081071100,36.8
36081043900,36081071100,18.07
36081044000,36081071100,35.44
36081044601,36081071100,27.58
36081058000,36081071100,53.59
36081058100,36081071100,19.77
36081058300,36081071100,21.55
36081058500,36081071100,22.37
36081058700,36081071100,24.07
36081058900,36081071100,24.49
36081059000,36081071100,51.63
36081059100,36081071100,25.25
36081059200,36081071100,53.77
36081059300,36081071100,22.71
36081059400,36081071100,54.12
36081059500,36081071100,24.14
36081059600,36081071100,52.97
36081059800,36081071100,51.84
36081059900,36081071100,21.29
36119001000,36081071100,143.93
36119001101,36081071100,141.18
36059301700,36081071100,84.49
36059301600,36081071100,88.79
36059301500,36081071100,86.38
36059301400,36081071100,97.5
36059301300,36081071100,102.1
36059301200,36081071100,96.71
36059301102,36081071100,106.01
36059301101,36081071100,107.26
36119008401,36081071100,195.13
36119008403,36081071100,190.85
36119008404,36081071100,188.97
36119008500,36081071100,202.93
36119008602,36081071100,221.8
36119008700,36081071100,205.86
36119009702,36081071100,199.63
36119001102,36081071100,143.54
36119001200,36081071100,138.74
36119001301,36081071100,135.99
36119001302,36081071100,133.86
36119001303,36081071100,131.42
36119001401,36081071100,135.85
36119001402,36081071100,131.84
36059301000,36081071100,105.4
36059300900,36081071100,73.28
36059300800,36081071100,62.44
36059300700,36081071100,69.29
36059300600,36081071100,71.72
36059300500,36081071100,69.42
36059300400,36081071100,80.66
36059990100,36081071100,115.61
36059990200,36081071100,263.79
36119009703,36081071100,198.14
36119006700,36081071100,167.4
36119006900,36081071100,176.96
36119007000,36081071100,170.14
36119001403,36081071100,128.8
36119001502,36081071100,128.44
36119001503,36081071100,129.6
36119001504,36081071100,132.43
36119002106,36081071100,163.8
36119002201,36081071100,153.13
36119002202,36081071100,148.91
36119002203,36081071100,149.49
36059300300,36081071100,78.45
36059300100,36081071100,83.89
36119007100,36081071100,165.73
36119007200,36081071100,186.2
36119007300,36081071100,182.44
36119011902,36081071100,219.18
36119002204,36081071100,146.36
36119002300,36081071100,144.0
36119002401,36081071100,145.07
36119002404,36081071100,137.18
36119002405,36081071100,138.53
36119002402,36081071100,140.22
36119002403,36081071100,136.69
36119002600,36081071100,135.72
36119002700,36081071100,136.89
36081036800,36081071100,44.7
36081037100,36081071100,28.6
36081037300,36081071100,25.69
36081037500,36081071100,21.89
36081037600,36081071100,49.48
36081037700,36081071100,23.27
36081037900,36081071100,23.14
36081038100,36081071100,25.64
36081038400,36081071100,51.13
36081039400,36081071100,47.02
36081039800,36081071100,43.21
36081054800,36081071100,45.05
36081054900,36081071100,24.32
36081055100,36081071100,23.12
36081055200,36081071100,44.12
36081055300,36081071100,24.1
36081055400,36081071100,49.1
36081055500,36081071100,23.96
36081055600,36081071100,46.51
36081055700,36081071100,23.29
36081055800,36081071100,48.01
36081055900,36081071100,24.26
36081056000,36081071100,50.53
36081056100,36081071100,18.52
36081056200,36081071100,52.01
36081056400,36081071100,51.73
36081056500,36081071100,22.08
36081056600,36081071100,50.01
36081056700,36081071100,20.27
36081056800,36081071100,51.75
36081057700,36081071100,19.29
36081057900,36081071100,18.87
36119002800,36081071100,134.76
36081048400,36081071100,42.3
36081048500,36081071100,18.88
36081017100,36081071100,34.27
36081026400,36081071100,36.79
36081026500,36081071100,22.77
36081026600,36081071100,37.68
36081026700,36081071100,21.32
36081027000,36081071100,34.54
36081027100,36081071100,19.3
36081027200,36081071100,36.0
36081027300,36081071100,22.1
36081027400,36081071100,35.94
36081027500,36081071100,22.65
36081027600,36081071100,36.89
36081027700,36081071100,23.89
36081027800,36081071100,37.56
36081027900,36081071100,23.25
36081028000,36081071100,39.93
36081028100,36081071100,23.71
36081028200,36081071100,42.35
36081028300,36081071100,23.69
36081028400,36081071100,41.28
36081028500,36081071100,24.38
36081028700,36081071100,24.04
36081048900,36081071100,19.01
36081049200,36081071100,40.05
36081049301,36081071100,21.55
36081049302,36081071100,18.32
36081049500,36081071100,17.8
36081049600,36081071100,44.48
36081049700,36081071100,19.43
36081049900,36081071100,16.09
36081050000,36081071100,40.0
36081050201,36081071100,40.51
36081050202,36081071100,42.56
36081050400,36081071100,40.48
36081050500,36081071100,11.67
36081050600,36081071100,43.1
36081050700,36081071100,13.76
36081050800,36081071100,44.64
36081051000,36081071100,45.12
36081051100,36081071100,21.76
36081051200,36081071100,45.84
36081051300,36081071100,21.85
36081028800,36081071100,41.43
36081028900,36081071100,24.36
36081029100,36081071100,24.96
36081029300,36081071100,27.03
36081029500,36081071100,30.91
36081029700,36081071100,30.14
36081029900,36081071100,35.8
36081030902,36081071100,28.37
36081031700,36081071100,35.05
36081032000,36081071100,49.08
36081032700,36081071100,27.0
36081032800,36081071100,50.7
36081032900,36081071100,28.42
36081033000,36081071100,49.66
36081033100,36081071100,37.5
36081033401,36081071100,45.56
36081033402,36081071100,47.6
36081033700,36081071100,27.62
36081033900,36081071100,26.02
36081051500,36081071100,24.12
36081051600,36081071100,47.97
36081051700,36081071100,20.95
36081051800,36081071100,46.12
36081052000,36081071100,46.06
36081052100,36081071100,21.94
36081052200,36081071100,45.66
36081052400,36081071100,42.48
36081052500,36081071100,22.79
36081052600,36081071100,43.84
36081052800,36081071100,45.62
36081053000,36081071100,47.58
36081053200,36081071100,49.5
36081053401,36081071100,49.55
36081053500,36081071100,25.86
36081053601,36081071100,47.33
36081053800,36081071100,49.04
36081053900,36081071100,27.91
36081054000,36081071100,48.28
36081054200,36081071100,46.61
36081054500,36081071100,26.72
36081054700,36081071100,25.51
36081034700,36081071100,28.3
36081035100,36081071100,24.77
36081035200,36081071100,48.29
36081035300,36081071100,24.53
36081035800,36081071100,51.83
36081036100,36081071100,25.42
36081036300,36081071100,24.93
36081036500,36081071100,26.07
36081036600,36081071100,46.31
36081036700,36081071100,27.24
36119002900,36081071100,135.38
36119003000,36081071100,136.06
36119003100,36081071100,137.94
36119003200,36081071100,139.75
36119002107,36081071100,162.26
36119001505,36081071100,133.73
36119001600,36081071100,149.85
36119001700,36081071100,149.02
36059517400,36081071100,122.86
36119003300,36081071100,141.04
36119003400,36081071100,143.16
36119003500,36081071100,135.19
36119003600,36081071100,137.85
36119003700,36081071100,137.98
36119003800,36081071100,143.16
36119003900,36081071100,143.38
36119004000,36081071100,140.48
36119004100,36081071100,143.52
36081093401,36081071100,78.42
36081011200,36081071100,23.13
36081011300,36081071100,40.97
36081011400,36081071100,21.0
36081011500,36081071100,41.09
36081011600,36081071100,21.92
36081011700,36081071100,39.51
36081011800,36081071100,22.04
36081011900,36081071100,38.71
36081012000,36081071100,22.73
36081012100,36081071100,38.43
36081012200,36081071100,18.54
36081012301,36081071100,38.4
36081012400,36081071100,19.43
36081012601,36081071100,21.1
36081012602,36081071100,19.66
36081012800,36081071100,18.27
36081013000,36081071100,17.59
36081013200,36081071100,17.04
36081013400,36081071100,14.71
36081013500,36081071100,36.66
36081013600,36081071100,13.75
36081013700,36081071100,37.75
36081013800,36081071100,15.47
36081014000,36081071100,15.25
36081014100,36081071100,37.65
36081089200,36081071100,36.71
36081090700,36081071100,39.19
36081091601,36081071100,105.86
36081091800,36081071100,90.88
36081091900,36081071100,38.91
36081092200,36081071100,83.73
36081092500,36081071100,41.57
36081092800,36081071100,82.31
36081092900,36081071100,44.77
36081093900,36081071100,45.74
36081094500,36081071100,46.26
36081094700,36081071100,44.71
36081038301,36081071100,34.17
36081099703,36081071100,52.8
36081099704,36081071100,52.07
36081099705,36081071100,57.12
36081129103,36081071100,42.73
36081129104,36081071100,45.01
36081014201,36081071100,18.47
36081014202,36081071100,19.61
36081014300,36081071100,38.88
36081014400,36081071100,17.87
36081014500,36081071100,37.26
36081014700,36081071100,35.4
36081014800,36081071100,22.96
36081014900,36081071100,35.29
36081015000,36081071100,23.32
36081015100,36081071100,34.77
36081015200,36081071100,24.6
36081015300,36081071100,33.28
36081015400,36081071100,24.25
36081015500,36081071100,34.74
36081015600,36081071100,25.43
36081015700,36081071100,35.78
36081015900,36081071100,34.19
36081016100,36081071100,33.7
36081016300,36081071100,33.03
36081016400,36081071100,27.47
36081016600,36081071100,26.36
36081016800,36081071100,28.5
36081016900,36081071100,30.05
36081017000,36081071100,28.31
36081097300,36081071100,48.8
36081098100,36081071100,49.84
36081047000,36081071100,35.05
36081047100,36081071100,16.75
36081047200,36081071100,32.48
36081047300,36081071100,15.86
36081047500,36081071100,14.6
36081047600,36081071100,34.67
36081047800,36081071100,37.92
36081047900,36081071100,16.55
36081048000,36081071100,36.73
36081048100,36081071100,19.12
36081048200,36081071100,37.65
36081048300,36081071100,22.35
36119001800,36081071100,154.38
36081074100,36081071100,6.89
36081074300,36081071100,12.04
36081074500,36081071100,13.85
36081074700,36081071100,13.8
36081076902,36081071100,9.96
36081077300,36081071100,11.76
36081088901,36081071100,36.41
36081062100,36081071100,11.3
36081077500,36081071100,12.0
36081077902,36081071100,15.98
36081077903,36081071100,16.09
36081077904,36081071100,19.39
36081077905,36081071100,22.25
36081078800,36081071100,38.59
36081079000,36081071100,36.02
36081079200,36081071100,37.48
36081079300,36081071100,27.17
36081079900,36081071100,24.69
36081080301,36081071100,25.68
36081044400,36081071100,31.25
36081053100,36081071100,24.21
36081058200,36081071100,50.79
36081108500,36081071100,45.82
36081109300,36081071100,49.01
36081141700,36081071100,33.31
36081006201,36081071100,32.85
36081006202,36081071100,35.07
36081006501,36081071100,38.85
36081006502,36081071100,38.16
36081015801,36081071100,26.91
36081015802,36081071100,25.33
36081018101,36081071100,31.72
36081018102,36081071100,30.8
36081018501,36081071100,31.15
36081018502,36081071100,30.29
36081025301,36081071100,29.31
36081025302,36081071100,28.73
36081026902,36081071100,19.21
36081030903,36081071100,27.46
36081030904,36081071100,30.02
36081008600,36081071100,24.9
36081008700,36081071100,45.78
36081008800,36081071100,28.24
36081009100,36081071100,45.06
36081009400,36081071100,25.91
36081009500,36081071100,43.91
36081009600,36081071100,26.85
36081009700,36081071100,44.09
36081009800,36081071100,24.42
36081009900,36081071100,48.11
36081010000,36081071100,27.6
36081010100,36081071100,44.74
36081010200,36081071100,28.23
36081010300,36081071100,44.34
36081010400,36081071100,26.19
36081010500,36081071100,43.68
36081010600,36081071100,25.6
36081010701,36081071100,41.35
36081010800,36081071100,23.96
36081011000,36081071100,23.71
36081011100,36081071100,42.34
36081080302,36081071100,22.56
36081080900,36081071100,17.44
36081081400,36081071100,35.65
36081081800,36081071100,34.31
36081083700,36081071100,25.45
36081083800,36081071100,32.17
36081084000,36081071100,30.26
36081084500,36081071100,30.29
36081084601,36081071100,33.28
36081084602,36081071100,37.72
36081085300,36081071100,28.65
36081085500,36081071100,31.68
36081085700,36081071100,29.82
36081085900,36081071100,30.5
36081086100,36081071100,31.37
36081086300,36081071100,34.13
36081086400,36081071100,27.27
36081086500,36081071100,32.23
36081087100,36081071100,29.79
36081088400,36081071100,35.99
36081038302,36081071100,18.44
36081043701,36081071100,16.23
36081043702,36081071100,15.92
36081044301,36081071100,16.57
36081044302,36081071100,14.71
36081061302,36081071100,15.09
36081071303,36081071100,6.48
36081071304,36081071100,8.96
36081071305,36081071100,1.75
36081071306,36081071100,4.11
36081071701,36081071100,9.0
36081071702,36081071100,13.57
36081075701,36081071100,11.56
36081075702,36081071100,8.14
36081077906,36081071100,18.72
36081077907,36081071100,19.52
36081077908,36081071100,21.11
36081079701,36081071100,28.38
36119001900,36081071100,159.44
36119002000,36081071100,159.0
36119002101,36081071100,165.24
36119002104,36081071100,155.97
36119002105,36081071100,167.52
36059517101,36081071100,134.53
36059517000,36081071100,144.53
36119004200,36081071100,145.42
36119004300,36081071100,149.27
36119004400,36081071100,148.03
36119004500,36081071100,143.95
36119005300,36081071100,149.42
36119981000,36081071100,220.82
36059409900,36081071100,65.74
36059409800,36081071100,62.8
36119005701,36081071100,146.76
36119005702,36081071100,151.59
36119005800,36081071100,150.61
36119005901,36081071100,155.93
36119005902,36081071100,156.62
36119006000,36081071100,155.93
36119006100,36081071100,150.07
36119006200,36081071100,151.34
36119006300,36081071100,153.97
36119006400,36081071100,155.45
36119006500,36081071100,161.79
36119006600,36081071100,157.5
36119006801,36081071100,175.74
36119006802,36081071100,167.65
36059405000,36081071100,64.08
36059404902,36081071100,60.67
36059404901,36081071100,59.41
36059404800,36081071100,64.24
36059404700,36081071100,68.64
36119012301,36081071100,212.85
36059404600,36081071100,65.13
36059404500,36081071100,64.28
36059404400,36081071100,63.66
36059404300,36081071100,56.04
36059303101,36081071100,71.97
36059303000,36081071100,69.22
36059302900,36081071100,71.55
36119005200,36081071100,156.21
36119004600,36081071100,148.43
36119004700,36081071100,149.85
36119005400,36081071100,145.66
36119005500,36081071100,141.49
36119007500,36081071100,191.03
36119007600,36081071100,202.04
36081068000,36081071100,54.38
36081068200,36081071100,52.79
36081068300,36081071100,13.45
36081068700,36081071100,9.97
36081069000,36081071100,53.16
36081069300,36081071100,6.97
36081069400,36081071100,55.99
36081069500,36081071100,8.82
36081069701,36081071100,5.05
36081069702,36081071100,5.56
36081070300,36081071100,4.54
36081070700,36081071100,4.64
36081070900,36081071100,2.61
36081071100,36081071100,0.0
36081071600,36081071100,48.35
36081071900,36081071100,12.5
36081072100,36081071100,12.08
36081072900,36081071100,5.97
36081073100,36081071100,7.72
36081019400,36081071100,30.05
36081019900,36081071100,35.95
36081020500,36081071100,30.37
36081026901,36081071100,20.53
36081042400,36081071100,40.71
36081062200,36081071100,56.42
36081067100,36081071100,12.07
36081074900,36081071100,8.07
36081079702,36081071100,27.13
36081127700,36081071100,30.61
36081990100,36081071100,83.14
36081025400,36081071100,30.56
36081030600,36081071100,45.33
36081035700,36081071100,29.74
36087013402,36081071100,192.35
36087013401,36081071100,196.67
36081073700,36081071100,4.81
36081073900,36081071100,7.04
36081060000,36081071100,54.12
36081060100,36081071100,21.48
36081060300,36081071100,20.28
36081060600,36081071100,54.26
36081060701,36081071100,18.54
36081060800,36081071100,52.46
36081061000,36081071100,52.16
36081044602,36081071100,26.72
36081044800,36081071100,24.97
36081045000,36081071100,22.27
36081045200,36081071100,25.39
36081045400,36081071100,26.23
36081045500,36081071100,15.0
36081066400,36081071100,60.77
36081045700,36081071100,14.15
36081045800,36081071100,29.01
36081045900,36081071100,15.99
36081046000,36081071100,28.41
36081046100,36081071100,16.42
36081046200,36081071100,31.73
36081046300,36081071100,18.83
36081046400,36081071100,29.13
36081046500,36081071100,18.98
36081046600,36081071100,30.76
36081046700,36081071100,20.1
36081046800,36081071100,33.24
36081061200,36081071100,54.78
36081061400,36081071100,56.88
36081061601,36081071100,58.64
36081061800,36081071100,56.02
36005006500,36081071100,80.34
36005018900,36081071100,89.17
36005004300,36081071100,80.98
36081061900,36081071100,13.34
36081005000,36081071100,26.27
36081005100,36081071100,39.39
36081005200,36081071100,24.39
36081005300,36081071100,38.61
36081005400,36081071100,24.76
36081005500,36081071100,38.48
36081005700,36081071100,37.85
36081005800,36081071100,27.71
36081005900,36081071100,37.99
36081006100,36081071100,36.38
36081006300,36081071100,38.83
36081006900,36081071100,41.74
36081007100,36081071100,40.84
36081007300,36081071100,40.16
36081007500,36081071100,40.47
36081007700,36081071100,41.67
36081007900,36081071100,42.5
36081008100,36081071100,43.3
36081008300,36081071100,44.07
36081063700,36081071100,9.86
36081063900,36081071100,10.85
36081064101,36081071100,15.34
36081145101,36081071100,39.59
36081145102,36081071100,39.95
36081145900,36081071100,37.33
36081146300,36081071100,43.06
36081146700,36081071100,46.28
36081147100,36081071100,48.34
36081147900,36081071100,58.57
36081148300,36081071100,61.21
36081150701,36081071100,55.24
36081150702,36081071100,58.73
36081152901,36081071100,51.25
36081152902,36081071100,57.5
36081156700,36081071100,51.84
36081157101,36081071100,55.07
36081157102,36081071100,53.64
36081157901,36081071100,59.69
36081157902,36081071100,57.64
36087013003,36081071100,223.05
36081064102,36081071100,14.51
36081064500,36081071100,8.31
36081064600,36081071100,55.68
36081065000,36081071100,55.47
36081065501,36081071100,9.5
36081065702,36081071100,14.48
36081065900,36081071100,12.79
36081066100,36081071100,13.0
36081066300,36081071100,10.24
36081126700,36081071100,24.9
36081066501,36081071100,16.32
36081066701,36081071100,16.95
36081066900,36081071100,15.62
36081067700,36081071100,8.94
36081067900,36081071100,8.66
36081157903,36081071100,60.99
36081161700,36081071100,57.92
36081162100,36081071100,52.21
36081076901,36081071100,8.22
36081107202,36081071100,56.41
36081012500,36081071100,41.15
36081029400,36081071100,42.97
36081061301,36081071100,24.05
36081065703,36081071100,10.63
36081072300,36081071100,4.8
36081084900,36081071100,27.24
36081086900,36081071100,32.41
36081003300,36081071100,42.92
36081008500,36081071100,42.79
36005015100,36081071100,92.33
36005037600,36081071100,116.66
36005024800,36081071100,112.84
36005023301,36081071100,97.5
36005019400,36081071100,112.61
36005045600,36081071100,133.74
36005005001,36081071100,94.78
36005005002,36081071100,97.31
36005005300,36081071100,99.66
36005023000,36081071100,107.39
36005013200,36081071100,118.88
36005007900,36081071100,84.0
36005008900,36081071100,87.59
36005021601,36081071100,104.47
36005003800,36081071100,102.26
36005025000,36081071100,111.18
36005028900,36081071100,113.56
36005025300,36081071100,102.55
36005017300,36081071100,85.63
36081062000,36081071100,55.86
36081062300,36081071100,14.23
36081062400,36081071100,53.64
36081062500,36081071100,14.95
36081062600,36081071100,52.16
36081062700,36081071100,16.37
36081024900,36081071100,25.18
36081025100,36081071100,27.48
36081025500,36081071100,28.39
36081025700,36081071100,27.89
36081025800,36081071100,34.14
36081025900,36081071100,27.04
36081026000,36081071100,32.26
36081026100,36081071100,26.09
36081026200,36081071100,34.15
36081026300,36081071100,24.44
36081045600,36081071100,26.27
36081000200,36081071100,20.67
36081000700,36081071100,42.85
36081000600,36081071100,23.43
36081000100,36081071100,44.33
36081000400,36081071100,21.83
36081000800,36081071100,21.12
36081001000,36081071100,20.28
36081001200,36081071100,18.41
36081001400,36081071100,16.86
36081001600,36081071100,20.55
36081001800,36081071100,19.21
36081119500,36081071100,35.33
36081119900,36081071100,31.9
36081120100,36081071100,32.57
36081120300,36081071100,27.97
36081120500,36081071100,30.41
36081120700,36081071100,31.66
36081121100,36081071100,32.18
36081121500,36081071100,26.14
36081122300,36081071100,27.35
36081122701,36081071100,23.85
36081122702,36081071100,20.51
36081124100,36081071100,24.94
36081124700,36081071100,27.09
36081125700,36081071100,22.54
36081126500,36081071100,23.28
36081155101,36081071100,63.58
36081128300,36081071100,39.04
36081129102,36081071100,42.13
36087013001,36081071100,207.43
36081001900,36081071100,39.21
36081002000,36081071100,17.63
36081002200,36081071100,15.85
36081002400,36081071100,16.22
36081002500,36081071100,41.78
36081002600,36081071100,17.7
36081002800,36081071100,18.56
36081003000,36081071100,19.2
36081003100,36081071100,39.78
36081003200,36081071100,19.77
36081003400,36081071100,24.57
36081003600,36081071100,23.85
36081003700,36081071100,43.86
36081003800,36081071100,21.05
36081003900,36081071100,44.11
36081004001,36081071100,22.54
36081004002,36081071100,22.76
36081004200,36081071100,26.04
36081004300,36081071100,43.18
36081004401,36081071100,27.1
36081004500,36081071100,40.64
36081004700,36081071100,40.8
36081130100,36081071100,48.69
36081133300,36081071100,33.53
36081133900,36081071100,28.97
36081134100,36081071100,29.5
36081134700,36081071100,35.25
36081136700,36081071100,43.77
36081137700,36081071100,46.71
36081138501,36081071100,46.87
36081138502,36081071100,49.12
36081139900,36081071100,42.7
36081140300,36081071100,40.26
36081140901,36081071100,38.04
36081140902,36081071100,35.98
36081142900,36081071100,37.55
36081143500,36081071100,42.26
36081144100,36081071100,45.07
36081144700,36081071100,43.57
36081062900,36081071100,16.43
36081063000,36081071100,54.39
36081063200,36081071100,54.68
36081063301,36081071100,13.64
36081063302,36081071100,13.04
36081063500,36081071100,12.39
36081098700,36081071100,50.91
36081099100,36081071100,49.97
36081046900,36081071100,19.13
36081017200,36081071100,29.07
36081017400,36081071100,29.93
36081017600,36081071100,30.8
36081017800,36081071100,31.7
36081017900,36081071100,31.96
36081018000,36081071100,33.02
36081018200,36081071100,34.01
36081018300,36081071100,30.37
36081018401,36081071100,36.83
36081018402,36081071100,35.11
36081018600,36081071100,33.94
36081018700,36081071100,33.88
36081018800,36081071100,33.48
36081018900,36081071100,32.23
36081019000,36081071100,32.98
36081019200,36081071100,31.79
36081019600,36081071100,31.55
36081019800,36081071100,28.24
36081020200,36081071100,29.53
36081020400,36081071100,27.84
36081020600,36081071100,25.75
36081099701,36081071100,47.36
36081099900,36081071100,56.42
36081101700,36081071100,46.27
36081102900,36081071100,46.45
36081155102,36081071100,60.72
36081103300,36081071100,43.68
36081103900,36081071100,43.98
36081104700,36081071100,40.12
36081105900,36081071100,42.07
36081107201,36081071100,59.53
36081109700,36081071100,46.49
36081109900,36081071100,43.49
36087013002,36081071100,211.53
36081020800,36081071100,25.61
36081021200,36081071100,22.31
36081021400,36081071100,19.08
36081021600,36081071100,16.34
36081021900,36081071100,26.74
36081022001,36081071100,17.9
36081022002,36081071100,19.36
36081022900,36081071100,26.22
36081023000,36081071100,21.46
36081023200,36081071100,23.16
36081023500,36081071100,29.77
36081023600,36081071100,23.53
36081023800,36081071100,23.26
36081024000,36081071100,25.53
36081024300,36081071100,22.85
36081024500,36081071100,25.52
36081024600,36081071100,28.57
36081024700,36081071100,23.08
36081111300,36081071100,50.07
36081112300,36081071100,48.26
36081112900,36081071100,46.35
36081113300,36081071100,43.98
36081113900,36081071100,40.47
36081114100,36081071100,41.48
36081114700,36081071100,39.87
36081115100,36081071100,38.16
36081115500,36081071100,38.39
36081115700,36081071100,37.32
36081115900,36081071100,36.86
36081116100,36081071100,34.7
36081116300,36081071100,35.34
36081116700,36081071100,34.88
36081117100,36081071100,36.28
36081117500,36081071100,39.21
36081118100,36081071100,40.71
36081118500,36081071100,35.42
36081118700,36081071100,34.24
36081118900,36081071100,33.25
36081119100,36081071100,32.93
36081119300,36081071100,36.5
36087012600,36081071100,223.12
36087012700,36081071100,217.89
36087012800,36081071100,214.68
36087013300,36081071100,201.33
36087013200,36081071100,219.7
36005011800,36081071100,122.9
36005006800,36081071100,99.55
36005039000,36081071100,122.64
36005025100,36081071100,100.81
36005039300,36081071100,104.46
36005005600,36081071100,98.54
36005016900,36081071100,93.48
36005044800,36081071100,132.35
36005046000,36081071100,128.28
36005042000,36081071100,125.92
36005036901,36081071100,98.77
36005028500,36081071100,117.65
36005035100,36081071100,121.74
36005039700,36081071100,106.74
36005022702,36081071100,93.89
36005041100,36081071100,111.59
36005041300,36081071100,111.86
36005039200,36081071100,122.34
36005040600,36081071100,125.88
36005044200,36081071100,133.27
36005040701,36081071100,108.86
36005027900,36081071100,114.66
36005040800,36081071100,124.58
36005026601,36081071100,113.52
36005044901,36081071100,125.65
36005038800,36081071100,122.61
36005040900,36081071100,112.72
36005046201,36081071100,131.84
36005007000,36081071100,100.76
36005028600,36081071100,111.59
36005005200,36081071100,94.54
36005031800,36081071100,118.19
36005023704,36081071100,101.04
36005043000,36081071100,129.03
36005050400,36081071100,138.43
36005042400,36081071100,127.54
36005040304,36081071100,106.57
36005020400,36081071100,110.33
36005017100,36081071100,94.99
36005004400,36081071100,100.42
36005023501,36081071100,98.92
36005002800,36081071100,96.4
36005002701,36081071100,79.96
36005002300,36081071100,77.02
36005037200,36081071100,118.72
36005015500,36081071100,96.02
36005036902,36081071100,98.04
36005024900,36081071100,102.07
36005043500,36081071100,122.56
36005003700,36081071100,84.77
36005004600,36081071100,98.1
36005016400,36081071100,113.77
36005025700,36081071100,103.34
36005026100,36081071100,108.05
36005012901,36081071100,89.24
36059412000,36081071100,83.62
36059416300,36081071100,114.22
36059413500,36081071100,105.79
36059407700,36081071100,121.06
36059518900,36081071100,123.86
36059413300,36081071100,101.12
36059412100,36081071100,87.61
36059412301,36081071100,90.86
36059413100,36081071100,99.72
36059413002,36081071100,96.55
36059407201,36081071100,95.2
36059411500,36081071100,82.49
36059413200,36081071100,101.22
36059407000,36081071100,93.87
36059304202,36081071100,112.4
36059412600,36081071100,97.95
36059412400,36081071100,93.2
36059406201,36081071100,90.01
36059407301,36081071100,107.77
36059407402,36081071100,106.92
36059304001,36081071100,103.4
36059304100,36081071100,107.87
36059413900,36081071100,110.24
36059407401,36081071100,103.01
36059407600,36081071100,114.98
36059413001,36081071100,95.71
36059304002,36081071100,104.38
36059412302,36081071100,94.1
36059406900,36081071100,97.89
36059412700,36081071100,99.72
36081101002,36081071100,98.38
36103123500,36081071100,176.32
36005011900,36081071100,90.82
36005008400,36081071100,109.04
36005008700,36081071100,88.28
36005013500,36081071100,89.87
36005020601,36081071100,106.64
36005022401,36081071100,111.08
36005023100,36081071100,96.86
36005024700,36081071100,100.9
36005003900,36081071100,77.4
36005020200,36081071100,108.37
36005023302,36081071100,96.95
36005007100,36081071100,84.54
36005039100,36081071100,104.66
36005007500,36081071100,85.84
36005021302,36081071100,94.8
36005006900,36081071100,86.03
36005012101,36081071100,92.57
36005021900,36081071100,91.6
36005007300,36081071100,83.64
36005041900,36081071100,114.65
36005035800,36081071100,124.83
36005012701,36081071100,91.04
36005016000,36081071100,117.22
36005037300,36081071100,101.4
36005009200,36081071100,105.94
36005004800,36081071100,97.27
36005002500,36081071100,77.17
36005051600,36081071100,139.73
36005037900,36081071100,99.9
36005016600,36081071100,113.55
36005012500,36081071100,92.04
36005016500,36081071100,95.77
36005042500,36081071100,112.19
36005012300,36081071100,93.65
36005005400,36081071100,97.38
36005006200,36081071100,99.06
36005013100,36081071100,90.27
36005006400,36081071100,100.75
36005013000,36081071100,118.88
36005036300,36081071100,101.48
36005043100,36081071100,117.23
36005042902,36081071100,115.02
36005030000,36081071100,117.2
36005014100,36081071100,85.24
36005032300,36081071100,127.89
36005030100,36081071100,120.74
36005048400,36081071100,130.3
36005045101,36081071100,125.77
36005014900,36081071100,92.19
36005019700,36081071100,88.86
36005038600,36081071100,124.11
36005036400,36081071100,122.36
36005036700,36081071100,98.84
36005036501,36081071100,100.91
36005014400,36081071100,117.51
36005015700,36081071100,95.24
36005036100,36081071100,101.06
36005034500,36081071100,126.66
36005030200,36081071100,125.25
36005046202,36081071100,128.3
36005044902,36081071100,126.09
36005016700,36081071100,94.84
36005035900,36081071100,100.15
36005017500,36081071100,87.54
36005038000,36081071100,121.53
36005021602,36081071100,105.89
36005026400,36081071100,113.8
36005022300,36081071100,92.5
36005021200,36081071100,104.69
36005026300,36081071100,105.97
36005039901,36081071100,107.57
36005014500,36081071100,89.72
36005018400,36081071100,114.46
36005019300,36081071100,90.59
36005025400,36081071100,110.96
36005016200,36081071100,115.47
36005002702,36081071100,79.77
36005022901,36081071100,95.43
36005025500,36081071100,103.13
36005038500,36081071100,102.36
36005032400,36081071100,116.23
36005019900,36081071100,91.59
36005000200,36081071100,106.39
36005020100,36081071100,93.7
36005029700,36081071100,119.24
36005028400,36081071100,115.2
36005004001,36081071100,104.21
36005029500,36081071100,117.16
36005035000,36081071100,121.02
36005024400,36081071100,108.82
36005008600,36081071100,106.23
36005024300,36081071100,99.64
36005036502,36081071100,99.72
36005028100,36081071100,117.29
36005022902,36081071100,94.06
36005007200,36081071100,102.81
36005024000,36081071100,103.6
36005037100,36081071100,101.51
36005038100,36081071100,100.22
36005034300,36081071100,128.63
36005000100,36081071100,173.76
36005034200,36081071100,118.44
36005011000,36081071100,118.17
36005033400,36081071100,112.64
36005024100,36081071100,99.15
36005038200,36081071100,122.26
36005009800,36081071100,105.53
36005004100,36081071100,78.85
36005039400,36081071100,122.84
36005021800,36081071100,102.97
36005036800,36081071100,121.06
36005022500,36081071100,91.83
36005041500,36081071100,111.63
36005003100,36081071100,82.18
36005003500,36081071100,82.11
36005008500,36081071100,86.05
36005012102,36081071100,92.42
36005021100,36081071100,92.03
36005023200,36081071100,107.96
36005022404,36081071100,109.36
36005000400,36081071100,106.66
36005026602,36081071100,115.57
36005002000,36081071100,102.11
36005003300,36081071100,80.74
36005014300,36081071100,87.63
36005022701,36081071100,95.08
36005038900,36081071100,105.19
36005013800,36081071100,122.13
36005002400,36081071100,97.95
36005007400,36081071100,107.22
36005040100,36081071100,105.97
36005001600,36081071100,104.53
36005016300,36081071100,97.59
36005008300,36081071100,84.56
36005023900,36081071100,101.1
36005039902,36081071100,104.71
36005034400,36081071100,118.24
36005023600,36081071100,104.7
36005026500,36081071100,104.86
36005024600,36081071100,110.56
36005039600,36081071100,123.91
36005028700,36081071100,115.34
36005021301,36081071100,94.21
36005042300,36081071100,117.56
36005021502,36081071100,95.64
36005005902,36081071100,84.55
36005025200,36081071100,108.93
36005040702,36081071100,110.92
36005042800,36081071100,130.84
36005042600,36081071100,130.23
36005030701,36081071100,120.34
36005038700,36081071100,103.98
36005045102,36081071100,127.61
36005041800,36081071100,127.96
36005028300,36081071100,113.19
36005033600,36081071100,116.6
36005025600,36081071100,111.21
36005042901,36081071100,114.3
36005029600,36081071100,115.62
36005035600,36081071100,123.94
36005031000,36081071100,121.18
36005006700,36081071100,83.06
36005027700,36081071100,112.18
36005028800,36081071100,113.3
36005033000,36081071100,113.12
36005031600,36081071100,118.9
36005027600,36081071100,124.41
36005040400,36081071100,125.9
36005041400,36081071100,130.3
36005033800,36081071100,116.89
36005031400,36081071100,120.0
36005031200,36081071100,120.47
36005026900,36081071100,108.89
36005022703,36081071100,94.3
36005037000,36081071100,119.7
36005015800,36081071100,116.33
36005027300,36081071100,112.78
36005037800,36081071100,119.24
36005032800,36081071100,114.14
36005034000,36081071100,116.52
36005045800,36081071100,128.66
36005043600,36081071100,130.48
36005042200,36081071100,127.59
36005031900,36081071100,134.08
36005037400,36081071100,118.19
36005039800,36081071100,124.16
36005042100,36081071100,114.21
36005007700,36081071100,86.3
36005006000,36081071100,100.54
36005013300,36081071100,88.29
36005022000,36081071100,102.09
36005015300,36081071100,93.77
36005022800,36081071100,110.61
36005019500,36081071100,87.35
36005007800,36081071100,103.33
36005006100,36081071100,84.08
36005021501,36081071100,96.42
36005023502,36081071100,99.5
36005011502,36081071100,90.6
36005016100,36081071100,97.37
36005015200,36081071100,114.23
36005014701,36081071100,91.96
36005014702,36081071100,93.14
36005017701,36081071100,89.91
36005017702,36081071100,90.38
36005017901,36081071100,89.13
36005017902,36081071100,91.37
36005018101,36081071100,87.56
36005018102,36081071100,88.25
36005018301,36081071100,87.3
36005018302,36081071100,86.01
36005020501,36081071100,96.15
36005020502,36081071100,97.54
36005021001,36081071100,107.97
36005021002,36081071100,106.9
36005022101,36081071100,90.85
36005022102,36081071100,91.31
36005022403,36081071100,111.92
36005023703,36081071100,102.71
36005024501,36081071100,99.81
36005024502,36081071100,99.36
36005026701,36081071100,107.92
36005026702,36081071100,108.99
36005027401,36081071100,117.47
36005027402,36081071100,119.8
36005029301,36081071100,120.51
36005029302,36081071100,119.46
36005030900,36081071100,124.91
36005033201,36081071100,112.51
36005033202,36081071100,114.43
36005038301,36081071100,102.4
36005038302,36081071100,102.23
36005040303,36081071100,108.36
36005040501,36081071100,108.14
36005040502,36081071100,107.71
36005020000,36081071100,110.03
36005021700,36081071100,96.79
36005023702,36081071100,103.46
36005032600,36081071100,116.99
36005033500,36081071100,119.95
36005033700,36081071100,128.31
36005034800,36081071100,119.83
36005036000,36081071100,122.22
36005039500,36081071100,98.61
36005040302,36081071100,107.4
36005043400,36081071100,128.51
36005044400,36081071100,132.06
36059303900,36081071100,103.65
36059303700,36081071100,92.33
36059303600,36081071100,86.72
36059303400,36081071100,87.76
36059411200,36081071100,82.93
36059410200,36081071100,82.61
36059406600,36081071100,92.64
36059411400,36081071100,81.54
36059410600,36081071100,75.0
36081099802,36081071100,94.03
36081097204,36081071100,81.4
36081099801,36081071100,90.1
36081100802,36081071100,90.4
36081103201,36081071100,95.26
36081099200,36081071100,86.78
36081101001,36081071100,94.36
36081103202,36081071100,96.48
36081097202,36081071100,83.07
36059407302,36081071100,105.9
36059407101,36081071100,97.83
36059407501,36081071100,102.86
36059518501,36081071100,122.15
36059407502,36081071100,106.01
36059412800,36081071100,103.68
36059407102,36081071100,98.79
36059412900,36081071100,107.26
36059518100,36081071100,149.46
36059518000,36081071100,154.33
36059517902,36081071100,172.16
36059517901,36081071100,169.16
36059412500,36081071100,93.79
36059416401,36081071100,122.91
36059407204,36081071100,99.33
36059407203,36081071100,97.52
36059982100,36081071100,128.9
36059408000,36081071100,112.05
36059407900,36081071100,113.61
36059990400,36081071100,151.31
36059304203,36081071100,114.63
36059304204,36081071100,111.23
36059406701,36081071100,88.72
36059406802,36081071100,95.8
36059406801,36081071100,94.19
36059412200,36081071100,91.36
36059416201,36081071100,115.35
36059413600,36081071100,105.94
36005001900,36081071100,77.93
36005004200,36081071100,100.2
36005005100,36081071100,79.45
36005006300,36081071100,84.76
36005007600,36081071100,101.07
36005009000,36081071100,108.8
36005009300,36081071100,90.56
36005009600,36081071100,108.64
36005011700,36081071100,91.35
36005015900,36081071100,90.27
36005018500,36081071100,88.71
36005020900,36081071100,93.32
36005022200,36081071100,104.42
36005023800,36081071100,106.61
36005037504,36081071100,100.44
36119007900,36081071100,213.02
36119008200,36081071100,218.36
36059302400,36081071100,86.86
36059302300,36081071100,91.42
36059302200,36081071100,89.2
36059517500,36081071100,114.23
36059410900,36081071100,69.87
36119008000,36081071100,215.97
36059517200,36081071100,129.64
36059410300,36081071100,65.92
36119985000,36081071100,227.97
36059406300,36081071100,71.81
36059410400,36081071100,64.33
36119007800,36081071100,212.51
36059405301,36081071100,71.28
36059405200,36081071100,69.66
36059405100,36081071100,66.16
36059303202,36081071100,76.62
36059303201,36081071100,77.79
36059303102,36081071100,78.65
36081091602,36081071100,95.11
36081093800,36081071100,75.46
36081093402,36081071100,77.06
36081061602,36081071100,59.71
36081063800,36081071100,59.76
36081065400,36081071100,59.94
36081065600,36081071100,61.45
36081066000,36081071100,61.16
36059302501,36081071100,92.39
36119008100,36081071100,218.24
36059302102,36081071100,96.75
36059302101,36081071100,105.2
36059411000,36081071100,89.24
36059411301,36081071100,70.3
36059517600,36081071100,143.66
36059517301,36081071100,137.66
36059517102,36081071100,139.57
36059410000,36081071100,75.97
36059406400,36081071100,80.24
36059405400,36081071100,73.54
36059405302,36081071100,75.33
36059406501,36081071100,89.16
36059410500,36081071100,70.94
36059303500,36081071100,82.78
36059303302,36081071100,84.47
36059303301,36081071100,83.48
36081095400,36081071100,75.47
36081094201,36081071100,69.28
36081094202,36081071100,71.76
36081094203,36081071100,76.25
36081097203,36081071100,82.23
36081100801,36081071100,94.22
36081096400,36081071100,77.12
36059302502,36081071100,103.87
36059411302,36081071100,78.87
36059411902,36081071100,81.58
36059411100,36081071100,91.94
36059517802,36081071100,148.03
36059980100,36081071100,83.69
36059981100,36081071100,125.84
36059990301,36081071100,268.02
36059406702,36081071100,90.33
36059517801,36081071100,156.35
36059411800,36081071100,79.42
36059411901,36081071100,85.93
36059517705,36081071100,131.21
36059517701,36081071100,132.49
36059517302,36081071100,137.11
36059411600,36081071100,90.64
36059410700,36081071100,76.7
36059410800,36081071100,72.03
36059410100,36081071100,78.05
36059406100,36081071100,84.68
36059406002,36081071100,85.58
36059411700,36081071100,79.14
36059406001,36081071100,82.7
36059405900,36081071100,83.44
36059405800,36081071100,79.81
36059405700,36081071100,76.53
36059405600,36081071100,78.37
36059405500,36081071100,76.47
36059406202,36081071100,87.68
36059303800,36081071100,99.72
36059518502,36081071100,134.12
36059518300,36081071100,145.94
36059414202,36081071100,113.57
36059518201,36081071100,160.4
36059408700,36081071100,133.11
36059416402,36081071100,127.62
36059413700,36081071100,106.45
36059519100,36081071100,132.09
36059414303,36081071100,111.58
36059408600,36081071100,128.87
36059408900,36081071100,128.69
36059416202,36081071100,115.27
36059413400,36081071100,108.99
36059519300,36081071100,131.63
36059413803,36081071100,110.05
36059416600,36081071100,127.42
36059414002,36081071100,114.2
36059416701,36081071100,122.78
36059408400,36081071100,115.93
36059414501,36081071100,116.7
36059519000,36081071100,126.08
36059416500,36081071100,127.64
36059414100,36081071100,112.43
36059415000,36081071100,122.9
36059408100,36081071100,121.15
36059414700,36081071100,121.74
36059414001,36081071100,110.69
36059408200,36081071100,118.75
36059407801,36081071100,123.15
36059408500,36081071100,123.36
36059408300,36081071100,125.45
36059414600,36081071100,119.1
36059414201,36081071100,112.43
36059413804,36081071100,115.17
36059414301,36081071100,111.69
36059414400,36081071100,117.71
36059407802,36081071100,120.87
36059518700,36081071100,139.75
36059518600,36081071100,129.63
36059416801,36081071100,125.88
36059519200,36081071100,137.89
36059414304,36081071100,116.33
36059416900,36081071100,141.07
36059416702,36081071100,126.11
36059409100,36081071100,131.93
36059519500,36081071100,138.36
36059519400,36081071100,136.11
36059518800,36081071100,142.41
36059518400,36081071100,146.93
36059414800,36081071100,125.34
36059416802,36081071100,128.92
36059408800,36081071100,140.55
36059409200,36081071100,134.53
36059414900,36081071100,127.3
36059414502,36081071100,121.36
36059415201,36081071100,126.23
36059409600,36081071100,133.96
36059415101,36081071100,123.64
36059519601,36081071100,140.96
36059520300,36081071100,146.73
36059518204,36081071100,151.39
36059409400,36081071100,142.86
36059518203,36081071100,155.58
36059520100,36081071100,157.0
36059520200,36081071100,146.04
36059415102,36081071100,127.64
36059415202,36081071100,133.41
36059409300,36081071100,137.65
36059409000,36081071100,136.61
36059409500,36081071100,143.18
36059519802,36081071100,150.31
36059415401,36081071100,134.74
36059519900,36081071100,144.21
36059415600,36081071100,133.82
36059520001,36081071100,146.31
36059519702,36081071100,154.81
36059519704,36081071100,149.79
36059415402,36081071100,141.27
36059520002,36081071100,151.97
36059519602,36081071100,143.54
36059409700,36081071100,136.95
36059519801,36081071100,142.21
36059415802,36081071100,140.4
36059415300,36081071100,130.96
36059519703,36081071100,146.23
36103110101,36081071100,197.81
36103110102,36081071100,176.19
36103111900,36081071100,164.08
36103110200,36081071100,186.72
36103990100,36081071100,453.39
36103110300,36081071100,189.92
36103110901,36081071100,181.94
36103110902,36081071100,178.69
36103112206,36081071100,167.81
36103111001,36081071100,187.01
36103111100,36081071100,174.65
36059520502,36081071100,158.89
36059521500,36081071100,163.87
36059521000,36081071100,153.24
36059520402,36081071100,157.92
36059520401,36081071100,155.6
36059415700,36081071100,141.81
36059521902,36081071100,170.03
36059522700,36081071100,145.75
36059415500,36081071100,143.55
36059520900,36081071100,149.21
36059416000,36081071100,147.01
36059521100,36081071100,149.0
36059416100,36081071100,148.77
36059520800,36081071100,152.81
36059520700,36081071100,150.85
36059522000,36081071100,175.15
36059521601,36081071100,159.17
36059520600,36081071100,163.18
36059521801,36081071100,168.53
36059521200,36081071100,150.32
36059521700,36081071100,160.9
36059521400,36081071100,160.5
36059521602,36081071100,162.65
36059521301,36081071100,154.71
36059521802,36081071100,165.06
36059520501,36081071100,153.84
36059521302,36081071100,156.31
36103112001,36081071100,176.16
36103112002,36081071100,182.45
36103123201,36081071100,169.65
36103123301,36081071100,173.14
36103122403,36081071100,186.93
36103112214,36081071100,178.08
36103122300,36081071100,162.34
36103111002,36081071100,181.36
36103111201,36081071100,179.85
36103111202,36081071100,178.39
36103111401,36081071100,185.8
36103111402,36081071100,183.43
36103112204,36081071100,180.7
36103123202,36081071100,176.37
36103112212,36081071100,190.17
36085024800,36081071100,189.08
36085024401,36081071100,189.27
36085024402,36081071100,192.11
36059990302,36081071100,184.01
36103124402,36081071100,201.07
36103123600,36081071100,178.12
36103123701,36081071100,181.23
36103123302,36081071100,178.0
36103123702,36081071100,184.98
36103123801,36081071100,184.59
36103123802,36081071100,188.85
36103123401,36081071100,185.17
36103123900,36081071100,184.53
36103124101,36081071100,191.54
36103123402,36081071100,189.95
36103122404,36081071100,186.14
36103124001,36081071100,191.95
36103124102,36081071100,190.75
36103124200,36081071100,194.16
36103124002,36081071100,195.0
36103122502,36081071100,190.29
36103122901,36081071100,191.9
36103122902,36081071100,194.17
36103122406,36081071100,184.43
36103124300,36081071100,200.04
36103122405,36081071100,192.11
36103122501,36081071100,190.07
