origin,destination,minutes
34031180900,36085000900,182.03
34031175900,36085000900,159.55
34031246103,36085000900,209.59
34031143400,36085000900,188.41
34031125100,36085000900,162.54
34031181800,36085000900,183.76
34031182500,36085000900,171.25
34031124312,36085000900,164.87
34031182400,36085000900,175.17
34031182900,36085000900,182.02
34031182200,36085000900,180.5
34031183000,36085000900,177.7
34031182700,36085000900,175.26
34031182000,36085000900,183.56
34031180800,36085000900,179.36
34031181200,36085000900,175.55
34031181702,36085000900,178.75
34031182800,36085000900,177.72
34031181500,36085000900,180.39
34031180700,36085000900,183.31
34031124601,36085000900,176.32
34031246001,36085000900,211.67
34031124401,36085000900,164.03
34031180300,36085000900,185.94
34031180600,36085000900,186.33
34031246101,36085000900,203.96
34031180100,36085000900,191.86
34031124900,36085000900,169.29
34031175200,36085000900,162.13
34031223900,36085000900,193.03
34031124311,36085000900,170.5
34031125000,36085000900,164.61
34031124700,36085000900,169.58
34031246203,36085000900,206.25
34031246300,36085000900,204.13
34027040803,36085000900,197.46
34027043302,36085000900,168.0
34027041901,36085000900,174.81
34027041902,36085000900,164.85
34027041704,36085000900,194.22
34027041803,36085000900,192.43
34027042500,36085000900,159.36
34027042000,36085000900,182.95
34027042100,36085000900,177.7
34027044200,36085000900,180.12
34027040102,36085000900,205.89
34027042900,36085000900,156.44
34027043200,36085000900,157.12
34031223801,36085000900,193.72
34031223802,36085000900,193.91
34031264101,36085000900,188.4
34031264102,36085000900,183.56
34031264200,36085000900,183.48
34031182301,36085000900,179.03
34031175302,36085000900,164.8
34003037201,36085000900,151.59
34003051100,36085000900,158.96
34003015300,36085000900,132.28
34003025200,36085000900,146.06
34003011200,36085000900,163.1
34003030400,36085000900,146.55
34003010200,36085000900,150.73
34003025100,36085000900,141.69
34003051300,36085000900,157.2
34003021600,36085000900,159.01
34003041100,36085000900,107.89
34003048200,36085000900,150.75
34003047500,36085000900,179.19
34003030100,36085000900,142.8
34023008101,36085000900,208.11
34023008102,36085000900,208.77
34023003800,36085000900,118.66
34023000300,36085000900,159.74
34023006300,36085000900,196.54
34023006403,36085000900,198.75
34023006601,36085000900,205.77
34023006604,36085000900,215.81
34031183200,36085000900,180.13
34031182100,36085000900,180.99
34031181300,36085000900,173.71
34031203600,36085000900,187.81
34031124323,36085000900,166.28
34031124322,36085000900,163.39
34031124602,36085000900,173.44
34031124800,36085000900,169.08
34031182600,36085000900,172.01
34031133701,36085000900,189.45
34031133702,36085000900,192.52
34031154001,36085000900,173.28
34031154002,36085000900,178.65
34031175301,36085000900,163.5
34031175701,36085000900,161.2
34031175703,36085000900,165.77
34031175704,36085000900,162.01
34031175801,36085000900,165.8
34031175802,36085000900,166.86
34031180201,36085000900,192.09
34031175401,36085000900,167.27
34031175402,36085000900,164.9
34031175601,36085000900,159.19
34031175602,36085000900,166.78
34031180202,36085000900,188.04
34031182302,36085000900,177.62
34031183101,36085000900,174.3
34031183102,36085000900,175.8
34031124500,36085000900,172.58
34031175500,36085000900,171.55
34031124321,36085000900,172.75
34031181400,36085000900,176.59
34031246104,36085000900,204.85
34031124200,36085000900,180.67
34031143300,36085000900,189.28
34031143200,36085000900,190.23
34031181900,36085000900,189.43
34031181000,36085000900,180.21
34031181100,36085000900,177.84
34023002200,36085000900,140.03
34023000100,36085000900,178.0
34023000200,36085000900,169.33
34023006206,36085000900,211.11
34023007702,36085000900,199.09
34023008202,36085000900,240.98
34023008209,36085000900,214.21
34023005100,36085000900,177.13
34023005200,36085000900,176.0
34023005300,36085000900,175.52
34023005500,36085000900,183.6
34023006500,36085000900,201.15
34023005700,36085000900,180.73
34023005800,36085000900,177.42
34023006103,36085000900,191.0
34023006101,36085000900,187.26
34023006104,36085000900,195.18
34023006203,36085000900,218.44
34023006207,36085000900,210.82
34023007801,36085000900,183.99
34023007804,36085000900,189.11
34023007906,36085000900,177.0
34023007907,36085000900,172.2
34023007909,36085000900,162.71
34023007910,36085000900,156.09
34023008001,36085000900,164.58
34023007905,36085000900,170.55
34023007908,36085000900,173.91
34023007703,36085000900,205.28
34023007704,36085000900,206.22
34023007805,36085000900,185.56
34023007806,36085000900,184.67
34023004000,36085000900,127.93
34023004100,36085000900,132.22
34023004200,36085000900,133.29
34023004300,36085000900,130.24
34023004400,36085000900,134.27
34023004500,36085000900,136.11
34023004600,36085000900,139.0
34023004700,36085000900,136.0
34023004800,36085000900,140.44
34023004900,36085000900,139.98
34023005000,36085000900,142.29
34023000401,36085000900,165.64
34023000403,36085000900,174.65
34023000404,36085000900,165.89
34023000501,36085000900,153.51
34023000502,36085000900,162.33
34023000603,36085000900,169.01
34023000701,36085000900,189.15
34023000606,36085000900,160.52
34023000702,36085000900,185.29
34023003001,36085000900,119.49
34023007101,36085000900,177.59
34023007102,36085000900,178.38
34023007103,36085000900,188.4
34023007202,36085000900,167.45
34023007203,36085000900,164.13
34023007301,36085000900,166.37
34023007303,36085000900,167.32
34023007304,36085000900,175.46
34023007402,36085000900,163.16
34023007500,36085000900,153.15
34023007600,36085000900,156.53
34023003500,36085000900,105.62
34023003600,36085000900,116.07
34023003700,36085000900,114.82
34023000801,36085000900,150.0
34023000802,36085000900,147.77
34023000901,36085000900,143.12
34023000902,36085000900,137.23
34023001001,36085000900,142.7
34023001002,36085000900,151.9
34023006900,36085000900,187.78
34039039500,36085000900,148.73
34039031300,36085000900,71.84
34039031100,36085000900,63.26
34039031000,36085000900,62.5
34039030702,36085000900,64.14
34039031601,36085000900,74.09
34039031602,36085000900,78.47
34039031801,36085000900,71.84
34039031903,36085000900,69.74
34039031904,36085000900,69.28
34039039800,36085000900,66.67
34039039900,36085000900,66.98
34039030701,36085000900,61.38
34039031802,36085000900,71.55
34039038900,36085000900,136.18
34039035200,36085000900,62.95
34039035300,36085000900,81.14
34023003203,36085000900,137.0
34023003300,36085000900,133.0
34023002701,36085000900,103.42
34023002703,36085000900,107.85
34023002301,36085000900,111.56
34023002302,36085000900,114.1
34023002401,36085000900,105.38
34023002402,36085000900,109.94
34023006605,36085000900,213.61
34023006606,36085000900,211.01
34023006607,36085000900,208.61
34023006608,36085000900,203.56
34023006701,36085000900,200.89
34023006800,36085000900,188.97
34023007000,36085000900,193.03
34023001415,36085000900,134.62
34023002605,36085000900,105.68
34023002604,36085000900,112.88
34023003101,36085000900,130.67
34023003102,36085000900,135.4
34023003201,36085000900,132.75
34023002500,36085000900,116.03
34023002603,36085000900,117.31
34023002805,36085000900,116.58
34023002901,36085000900,113.79
34023002902,36085000900,115.75
34023001414,36085000900,142.79
34023006703,36085000900,200.59
34023001417,36085000900,129.37
34023001416,36085000900,124.76
34023001409,36085000900,124.7
34023001410,36085000900,122.86
34023001411,36085000900,116.41
34023001412,36085000900,127.66
34023001413,36085000900,130.47
34023003002,36085000900,130.03
34023000608,36085000900,174.61
34023003401,36085000900,122.75
34023005601,36085000900,181.82
34023005602,36085000900,176.62
34023006002,36085000900,181.06
34023007911,36085000900,167.75
34023007912,36085000900,178.05
34023001502,36085000900,158.37
34023001504,36085000900,147.45
34023001600,36085000900,160.09
34023001701,36085000900,149.3
34023001702,36085000900,154.65
34023001803,36085000900,163.14
34023001804,36085000900,157.79
34023001805,36085000900,145.31
34023001901,36085000900,131.67
34023001902,36085000900,136.21
34023008800,36085000900,172.97
34023008900,36085000900,151.8
34023009000,36085000900,103.22
34023009200,36085000900,160.54
34023009300,36085000900,174.25
34023001903,36085000900,138.76
34023008103,36085000900,220.57
34023001100,36085000900,168.74
34023001200,36085000900,163.51
34023001300,36085000900,168.09
34023008208,36085000900,227.68
34023002000,36085000900,137.52
34023002101,36085000900,133.75
34023002102,36085000900,133.83
34023009400,36085000900,198.18
34023009100,36085000900,120.52
34023006001,36085000900,205.92
34023001505,36085000900,155.62
34023001506,36085000900,156.74
34039031200,36085000900,66.4
34039032100,36085000900,74.16
34039032001,36085000900,69.08
34039031500,36085000900,75.76
34039031400,36085000900,69.96
34039035500,36085000900,88.57
34039034200,36085000900,81.58
34039033600,36085000900,95.15
34039036800,36085000900,108.96
34039038400,36085000900,128.86
34039038300,36085000900,121.73
34039037602,36085000900,114.97
34039032700,36085000900,97.8
34039032200,36085000900,86.12
34039039200,36085000900,136.26
34039032901,36085000900,103.23
34039033200,36085000900,84.96
34039036700,36085000900,110.04
34039035000,36085000900,81.39
34039038800,36085000900,130.48
34039037800,36085000900,130.88
34039033300,36085000900,88.67
34039034800,36085000900,86.65
34039034400,36085000900,76.04
34039032800,36085000900,103.29
34039037900,36085000900,132.68
34039037700,36085000900,127.65
34039036500,36085000900,115.88
34039038000,36085000900,123.47
34039035600,36085000900,98.82
34039033400,36085000900,87.34
34039039100,36085000900,131.78
34039039700,36085000900,141.25
34039039400,36085000900,147.64
34039039600,36085000900,144.94
34039039300,36085000900,140.78
34039038602,36085000900,128.69
34039039000,36085000900,134.34
34039035800,36085000900,95.74
34039036000,36085000900,92.21
34039034500,36085000900,70.14
34039036301,36085000900,102.42
34039034100,36085000900,74.86
34039034000,36085000900,78.91
34039032600,36085000900,96.89
34039036900,36085000900,100.49
34039038500,36085000900,126.36
34039038201,36085000900,145.76
34039036400,36085000900,109.32
34039032902,36085000900,101.93
34039037400,36085000900,98.52
34039037601,36085000900,121.32
34039038101,36085000900,146.76
34039036302,36085000900,109.86
34039035100,36085000900,77.04
34039035900,36085000900,92.57
34039032002,36085000900,65.57
34039030802,36085000900,62.52
34039030200,36085000900,63.74
34039038202,36085000900,153.22
34039036100,36085000900,93.14
34039031700,36085000900,72.47
34039038102,36085000900,145.06
34039035700,36085000900,95.23
34039034600,36085000900,76.36
34039037200,36085000900,92.56
34039036200,36085000900,95.73
34039038700,36085000900,122.23
34039037300,36085000900,94.66
34039034700,36085000900,79.82
34039035400,36085000900,82.68
34039032500,36085000900,78.35
34039037000,36085000900,96.39
34039036600,36085000900,110.16
34039033800,36085000900,86.34
34039034900,36085000900,86.9
34039033700,36085000900,78.05
34039038601,36085000900,118.71
34039032400,36085000900,86.81
34039034300,36085000900,82.91
34039037500,36085000900,110.11
34039037100,36085000900,100.89
34039032300,36085000900,87.62
34039033000,36085000900,95.4
34039030500,36085000900,62.53
34039033500,36085000900,80.14
34039033100,36085000900,92.98
34039030600,36085000900,58.25
34039030400,36085000900,64.9
34039033900,36085000900,82.03
34039030900,36085000900,60.67
34013009900,36085000900,130.75
34013018100,36085000900,130.77
34013018200,36085000900,132.84
34013018300,36085000900,127.63
34013018400,36085000900,124.1
34013018700,36085000900,121.53
34013018800,36085000900,120.46
34013980200,36085000900,93.99
34013006400,36085000900,105.84
34013006600,36085000900,100.4
34013006700,36085000900,98.44
34013006800,36085000900,101.62
34013006900,36085000900,105.43
34013007000,36085000900,108.58
34013007100,36085000900,108.24
34013007200,36085000900,108.17
34013007300,36085000900,105.67
34013007501,36085000900,102.54
34013007502,36085000900,100.82
34013007600,36085000900,107.26
34013007700,36085000900,108.11
34013007800,36085000900,104.49
34013007900,36085000900,106.74
34013008000,36085000900,104.39
34013008100,36085000900,103.06
34013008200,36085000900,107.94
34013008700,36085000900,115.04
34013008800,36085000900,112.75
34013008900,36085000900,114.81
34013009000,36085000900,112.64
34013009100,36085000900,116.35
34013009200,36085000900,116.38
34013009300,36085000900,119.83
34013009400,36085000900,118.72
34013009500,36085000900,123.03
34013000300,36085000900,123.39
34013017301,36085000900,153.51
34013009700,36085000900,125.34
34013019100,36085000900,116.38
34013013500,36085000900,147.58
34013013800,36085000900,146.63
34013019000,36085000900,119.96
34013019200,36085000900,111.78
34013019300,36085000900,115.24
34013009600,36085000900,123.5
34013013700,36085000900,142.82
34013000400,36085000900,122.89
34013014700,36085000900,128.35
34013013900,36085000900,142.72
34013014000,36085000900,136.49
34013014100,36085000900,137.24
34013014200,36085000900,137.35
34013014300,36085000900,136.78
34013014400,36085000900,133.78
34013013600,36085000900,143.55
34013017500,36085000900,135.37
34013017600,36085000900,136.49
34035052001,36085000900,141.1
34035051800,36085000900,145.54
34035051900,36085000900,152.91
34035052002,36085000900,150.03
34035051700,36085000900,142.44
34035051100,36085000900,187.92
34035053000,36085000900,190.31
34035052201,36085000900,165.55
34035052300,36085000900,148.75
34035052203,36085000900,187.43
34035051200,36085000900,192.23
34035051300,36085000900,188.78
34035050902,36085000900,201.59
34035050903,36085000900,203.69
34035051000,36085000900,203.8
34035053105,36085000900,197.83
34035053501,36085000900,204.6
34035053102,36085000900,186.11
34035053103,36085000900,194.95
34035053200,36085000900,185.02
34035053300,36085000900,183.39
34035052100,36085000900,172.05
34025800601,36085000900,103.13
34025800500,36085000900,92.28
34025809901,36085000900,168.0
34025809902,36085000900,169.48
34025805500,36085000900,175.61
34025803700,36085000900,144.63
34025804700,36085000900,160.78
34025802000,36085000900,134.53
34025801400,36085000900,121.64
34025802400,36085000900,138.13
34025802300,36085000900,125.04
34025805400,36085000900,170.08
34025804200,36085000900,152.02
34025809704,36085000900,189.32
34025803300,36085000900,144.07
34025810002,36085000900,197.76
34025801700,36085000900,113.34
34025802100,36085000900,121.52
34025801600,36085000900,109.51
34025800602,36085000900,106.68
34025800400,36085000900,102.69
34025800702,36085000900,104.92
34025800701,36085000900,107.54
34025801300,36085000900,134.07
34025800800,36085000900,101.31
34025803600,36085000900,140.37
34025805800,36085000900,179.09
34025805900,36085000900,176.39
34025805700,36085000900,175.14
34025806000,36085000900,182.65
34025805300,36085000900,167.17
34013014500,36085000900,129.19
34013014600,36085000900,132.34
34013000600,36085000900,119.09
34013010000,36085000900,127.73
34013010100,36085000900,127.02
34013010200,36085000900,122.37
34013015000,36085000900,148.2
34013017700,36085000900,132.67
34013017800,36085000900,127.64
34013017900,36085000900,125.63
34013018000,36085000900,135.32
34013003800,36085000900,100.8
34013002201,36085000900,108.96
34013015100,36085000900,145.16
34013015200,36085000900,139.93
34013015300,36085000900,137.43
34013015400,36085000900,135.64
34013015500,36085000900,131.86
34013015600,36085000900,131.88
34013015700,36085000900,128.87
34013015800,36085000900,128.54
34013015900,36085000900,123.45
34013002202,36085000900,107.61
34013007400,36085000900,106.88
34013022900,36085000900,109.78
34013023000,36085000900,103.01
34013023100,36085000900,103.58
34013023200,36085000900,97.02
34013980100,36085000900,102.48
34013017302,36085000900,147.93
34003051400,36085000900,153.7
34003038100,36085000900,139.55
34003005000,36085000900,155.07
34003012001,36085000900,159.07
34003018200,36085000900,92.25
34003018100,36085000900,89.29
34003013001,36085000900,88.9
34003031100,36085000900,149.75
34025809701,36085000900,178.7
34025809600,36085000900,187.94
34025805001,36085000900,162.62
34025803900,36085000900,135.25
34025803800,36085000900,141.54
34025803400,36085000900,139.77
34025805600,36085000900,175.64
34025810101,36085000900,195.18
34025812100,36085000900,149.66
34025812200,36085000900,164.46
34025812300,36085000900,150.78
34025804600,36085000900,158.3
34025803500,36085000900,143.74
34025802200,36085000900,113.41
34025801500,36085000900,140.55
34025802600,36085000900,148.1
34025990000,36085000900,131.11
34025803202,36085000900,131.32
34025806201,36085000900,180.51
34025806202,36085000900,174.56
34025803201,36085000900,115.04
34025802800,36085000900,149.03
34025802700,36085000900,144.8
34025802900,36085000900,152.54
34025801000,36085000900,120.54
34025800200,36085000900,113.16
34025802500,36085000900,143.72
34025809502,36085000900,185.06
34025809703,36085000900,185.3
34025800900,36085000900,116.83
34025804100,36085000900,164.35
34025801200,36085000900,128.09
34025803100,36085000900,149.3
34025810001,36085000900,203.99
34025804500,36085000900,151.38
34025801900,36085000900,130.39
34025803000,36085000900,152.38
34025800100,36085000900,130.56
34025809501,36085000900,164.7
34025801800,36085000900,122.8
34025805100,36085000900,175.8
34025801100,36085000900,115.2
34017000600,36085000900,69.59
34017006600,36085000900,65.85
34017007400,36085000900,53.77
34017007700,36085000900,61.2
34017007800,36085000900,61.67
34017014101,36085000900,81.16
34017015001,36085000900,77.16
34017015201,36085000900,76.01
34017015202,36085000900,75.72
34017015801,36085000900,71.06
34017018301,36085000900,61.68
34017018302,36085000900,55.23
34017018702,36085000900,57.54
34017020100,36085000900,88.28
34017012300,36085000900,131.17
34017012400,36085000900,131.29
34017012500,36085000900,125.46
34017012600,36085000900,126.8
34017012700,36085000900,125.16
34017012800,36085000900,122.89
34017012900,36085000900,121.68
34017013000,36085000900,120.64
34017013100,36085000900,122.91
34017013200,36085000900,119.84
34017013300,36085000900,119.31
34017014000,36085000900,86.28
34017014400,36085000900,87.11
34017014600,36085000900,75.85
34017014700,36085000900,72.89
34017014800,36085000900,68.84
34017014900,36085000900,68.04
34017018200,36085000900,64.89
34017016100,36085000900,71.26
34017016200,36085000900,71.08
34017016300,36085000900,69.75
34017016400,36085000900,68.43
34017016500,36085000900,66.11
34017016600,36085000900,69.88
34017016700,36085000900,68.23
34017016800,36085000900,67.85
34017016900,36085000900,66.55
34017017000,36085000900,68.15
34017017100,36085000900,66.2
34017017200,36085000900,65.49
34017017300,36085000900,63.1
34017017400,36085000900,63.84
34017017500,36085000900,66.43
34017017600,36085000900,66.54
34017019900,36085000900,83.81
34017980100,36085000900,67.58
34017006400,36085000900,57.15
34017006500,36085000900,60.78
34017006700,36085000900,62.85
34017006800,36085000900,69.52
34017007000,36085000900,58.2
34017007500,36085000900,53.86
34017014102,36085000900,84.46
34017014501,36085000900,82.17
34017014502,36085000900,79.24
34017015002,36085000900,78.34
34017018701,36085000900,61.03
34017020000,36085000900,83.7
34017001701,36085000900,73.21
34017006900,36085000900,72.3
34017007100,36085000900,64.52
34017007200,36085000900,61.71
34017007300,36085000900,59.5
34017007600,36085000900,55.95
34017015802,36085000900,71.86
34017019800,36085000900,95.47
34027042700,36085000900,139.28
34027042800,36085000900,139.51
34027043900,36085000900,146.88
34027044000,36085000900,154.27
34027042600,36085000900,158.43
34027044101,36085000900,178.5
34027044102,36085000900,164.86
34027043000,36085000900,149.35
34027043100,36085000900,150.08
34003031300,36085000900,143.37
34003031200,36085000900,147.2
34003038300,36085000900,136.13
34003038200,36085000900,133.94
34003051200,36085000900,155.0
34003045200,36085000900,101.17
34003031400,36085000900,144.23
34003006300,36085000900,89.06
34017004300,36085000900,65.09
34017004400,36085000900,68.03
34017004500,36085000900,66.2
34017004600,36085000900,64.66
34017004700,36085000900,64.28
34017004800,36085000900,73.62
34017004900,36085000900,71.57
34017005200,36085000900,70.84
34017005300,36085000900,69.69
34017005400,36085000900,69.23
34017005500,36085000900,70.57
34017005600,36085000900,69.36
34017005801,36085000900,69.18
34017005802,36085000900,71.14
34017005900,36085000900,68.39
34017006000,36085000900,67.94
34017006100,36085000900,61.9
34017006200,36085000900,64.35
34017006300,36085000900,63.93
34017013400,36085000900,115.14
34017013500,36085000900,116.99
34017013600,36085000900,114.53
34017013700,36085000900,114.25
34017014200,36085000900,80.42
34017014300,36085000900,83.31
34017015100,36085000900,80.77
34017013800,36085000900,113.55
34017013900,36085000900,114.66
34017018400,36085000900,58.08
34017018500,36085000900,60.9
34017018600,36085000900,60.13
34017018800,36085000900,62.85
34017018900,36085000900,65.68
34017019000,36085000900,65.32
34017019100,36085000900,64.48
34017019200,36085000900,66.62
34017019300,36085000900,64.32
34017019400,36085000900,62.41
34017000100,36085000900,67.95
34017000200,36085000900,65.84
34017000300,36085000900,63.74
34017000400,36085000900,70.16
34017000500,36085000900,68.77
34017000700,36085000900,68.04
34017000800,36085000900,66.05
34017000902,36085000900,68.23
34017001000,36085000900,72.14
34017001100,36085000900,69.93
34017001201,36085000900,68.22
34017001202,36085000900,64.79
34017001300,36085000900,68.55
34017001400,36085000900,67.31
34017001800,36085000900,70.01
34017001900,36085000900,67.89
34035054300,36085000900,208.89
34035052204,36085000900,194.37
34035053404,36085000900,227.7
34031124402,36085000900,154.98
34017017700,36085000900,65.9
34017017800,36085000900,64.75
34017017900,36085000900,68.14
34017018000,36085000900,71.49
34017018100,36085000900,67.65
34017015300,36085000900,76.85
34017015500,36085000900,77.69
34017015600,36085000900,75.87
34017015700,36085000900,74.33
34017015900,36085000900,72.86
34017016000,36085000900,74.87
34017032400,36085000900,78.34
34017010100,36085000900,57.28
34017010200,36085000900,57.78
34017010300,36085000900,58.39
34017010400,36085000900,54.34
34017010500,36085000900,52.3
34017010600,36085000900,48.11
34017010700,36085000900,50.32
34017010800,36085000900,48.56
34017010900,36085000900,45.91
34017011000,36085000900,45.19
34017011100,36085000900,44.01
34017011200,36085000900,41.58
34017011300,36085000900,42.96
34017011400,36085000900,41.63
34017011500,36085000900,38.93
34017011600,36085000900,41.8
34017002000,36085000900,68.71
34017002200,36085000900,61.55
34017002300,36085000900,59.55
34017002400,36085000900,60.57
34017002700,36085000900,70.44
34017002800,36085000900,67.49
34017002900,36085000900,67.67
34017003000,36085000900,64.74
34017003100,36085000900,63.27
34017003500,36085000900,58.37
34017004000,36085000900,71.61
34017004101,36085000900,68.23
34017004102,36085000900,65.88
34017004200,36085000900,68.66
34013018900,36085000900,122.9
34013000900,36085000900,112.57
34013001700,36085000900,110.46
34013001900,36085000900,110.59
34013002000,36085000900,111.96
34013010300,36085000900,119.66
34013010400,36085000900,124.02
34013010500,36085000900,123.82
34013010600,36085000900,119.86
34013010700,36085000900,117.25
34013010800,36085000900,115.98
34013010900,36085000900,113.51
34013022700,36085000900,96.71
34013011100,36085000900,115.19
34013011200,36085000900,117.74
34013011300,36085000900,121.75
34013011400,36085000900,116.92
34013011500,36085000900,115.96
34013011600,36085000900,116.21
34013011700,36085000900,113.8
34013011800,36085000900,111.95
34013016000,36085000900,137.77
34013002400,36085000900,111.7
34013004300,36085000900,95.82
34013012600,36085000900,104.82
34013013300,36085000900,105.76
34013004500,36085000900,90.62
34013011900,36085000900,101.63
34013012000,36085000900,99.55
34013012100,36085000900,100.11
34013012200,36085000900,103.28
34013012300,36085000900,104.37
34013012400,36085000900,98.05
34013012500,36085000900,104.3
34013012700,36085000900,92.75
34013012800,36085000900,94.9
34013012900,36085000900,98.45
34013013000,36085000900,101.45
34013013100,36085000900,99.69
34013013200,36085000900,102.47
34013019700,36085000900,101.19
34013019600,36085000900,106.19
34013020500,36085000900,150.75
34013020600,36085000900,141.47
34013020700,36085000900,147.66
34013020800,36085000900,147.3
34013019400,36085000900,115.15
34013019500,36085000900,107.9
34013019800,36085000900,104.61
34013019900,36085000900,111.48
34013020000,36085000900,123.94
34013020100,36085000900,124.55
34013020200,36085000900,109.04
34013020300,36085000900,117.75
34013016500,36085000900,147.69
34013016700,36085000900,141.19
34013016800,36085000900,144.02
34013016900,36085000900,144.89
34013017000,36085000900,141.77
34013017100,36085000900,140.95
34013017200,36085000900,136.55
34013017400,36085000900,148.63
34013000100,36085000900,126.99
34013000200,36085000900,120.94
34013000500,36085000900,119.44
34013000700,36085000900,115.12
34013000800,36085000900,115.6
34013001000,36085000900,110.59
34013001100,36085000900,108.41
34013001300,36085000900,106.44
34013001400,36085000900,107.09
34013001500,36085000900,108.67
34013001600,36085000900,110.92
34013001800,36085000900,107.86
34013002100,36085000900,110.61
34013002300,36085000900,107.36
34013002500,36085000900,109.41
34013002600,36085000900,106.14
34013002800,36085000900,103.62
34013003100,36085000900,101.9
34013018600,36085000900,124.78
34013003500,36085000900,103.39
34013003700,36085000900,99.87
34013003900,36085000900,99.66
34013004100,36085000900,98.39
34013004200,36085000900,99.69
34013004400,36085000900,92.66
34013004600,36085000900,89.72
34013004700,36085000900,87.21
34013004801,36085000900,90.91
34013004802,36085000900,82.29
34013004900,36085000900,89.47
34013005000,36085000900,94.68
34013005100,36085000900,93.29
34013005200,36085000900,95.32
34013005300,36085000900,95.51
34013005400,36085000900,95.22
34013005700,36085000900,96.72
34013022800,36085000900,102.79
34013006200,36085000900,101.11
34003010100,36085000900,157.03
34003050000,36085000900,146.24
34003037202,36085000900,145.79
34003042302,36085000900,175.94
34003011300,36085000900,158.76
34003006100,36085000900,96.35
34003017400,36085000900,166.31
34003054100,36085000900,132.56
34003010300,36085000900,155.95
34003042400,36085000900,177.38
34003054600,36085000900,121.2
34003003100,36085000900,149.26
34003046100,36085000900,110.52
34003003500,36085000900,142.31
34003054400,36085000900,129.64
34003054300,36085000900,137.62
34003042100,36085000900,157.55
34003048100,36085000900,147.77
34003036200,36085000900,148.25
34003036100,36085000900,136.65
34003057200,36085000900,161.99
34003029100,36085000900,138.76
34003028001,36085000900,115.16
34003046200,36085000900,116.43
34003055100,36085000900,141.75
34003009100,36085000900,158.78
34003008000,36085000900,152.91
34003045100,36085000900,98.26
34003055200,36085000900,146.08
34003057101,36085000900,159.68
34003015100,36085000900,131.12
34003021100,36085000900,156.92
34003011100,36085000900,166.43
34003042301,36085000900,175.84
34003046300,36085000900,111.61
34003003200,36085000900,144.46
34003033100,36085000900,143.4
34003033200,36085000900,141.76
34003054500,36085000900,127.34
34003017100,36085000900,170.12
34003009200,36085000900,161.68
34003054200,36085000900,133.07
34003002100,36085000900,160.73
34003007002,36085000900,167.34
34003003402,36085000900,142.95
34003003401,36085000900,145.31
34003037100,36085000900,156.76
34003021300,36085000900,158.62
34003011400,36085000900,158.39
34003015500,36085000900,121.54
34003015400,36085000900,129.39
34003016000,36085000900,123.88
34003017300,36085000900,170.96
34003004002,36085000900,120.65
34003006201,36085000900,93.26
34003012002,36085000900,162.32
34003013002,36085000900,98.68
34003019103,36085000900,113.5
34003019104,36085000900,111.48
34003019203,36085000900,107.68
34003019204,36085000900,107.19
34003019303,36085000900,104.82
34003017500,36085000900,162.84
34003052100,36085000900,154.96
34003017200,36085000900,177.11
34003015200,36085000900,136.51
34003019304,36085000900,99.46
34003019305,36085000900,104.83
34003023301,36085000900,139.49
34003023302,36085000900,135.81
34003014000,36085000900,171.6
34003019102,36085000900,113.83
34003021500,36085000900,155.52
34003042500,36085000900,151.14
34003040001,36085000900,163.87
34003040002,36085000900,159.27
34003041301,36085000900,104.64
34003041302,36085000900,103.34
34003023502,36085000900,132.09
34003023602,36085000900,129.83
34003003300,36085000900,148.69
34003019202,36085000900,106.52
34003028002,36085000900,111.94
34003052200,36085000900,148.5
34003021400,36085000900,154.1
34013014800,36085000900,153.96
34003026200,36085000900,189.33
34003026100,36085000900,188.25
34003004001,36085000900,125.26
34003006202,36085000900,95.87
34003019306,36085000900,97.26
34003023601,36085000900,132.99
34003023501,36085000900,133.37
34003041200,36085000900,106.27
34003021200,36085000900,160.7
34003029200,36085000900,143.78
34003030200,36085000900,150.97
34003057102,36085000900,163.69
34003060000,36085000900,152.01
34003022200,36085000900,177.87
34003030300,36085000900,147.14
34003023402,36085000900,134.08
34003023401,36085000900,135.33
34003023200,36085000900,136.97
34003023100,36085000900,132.48
34003033300,36085000900,140.87
34013014900,36085000900,153.25
34013021803,36085000900,173.55
34013021802,36085000900,178.36
34013021701,36085000900,170.77
34013021702,36085000900,170.7
34013021300,36085000900,170.07
34013021400,36085000900,161.88
34013020901,36085000900,165.26
34013021601,36085000900,202.14
34013021602,36085000900,177.44
34013020400,36085000900,154.78
34013020902,36085000900,164.03
34013016100,36085000900,162.5
34013016200,36085000900,158.1
34013016300,36085000900,153.83
34013016400,36085000900,152.0
34013016600,36085000900,147.04
34013013400,36085000900,150.94
34013021000,36085000900,160.62
34013021100,36085000900,155.61
34013021200,36085000900,156.54
34013021801,36085000900,172.44
34031163500,36085000900,201.49
34031246202,36085000900,213.69
34027041702,36085000900,203.8
34027043301,36085000900,179.26
34027043303,36085000900,178.28
34027043700,36085000900,177.29
34027043600,36085000900,177.91
34027040805,36085000900,215.37
34027042200,36085000900,184.64
34027040101,36085000900,215.96
34027041705,36085000900,202.11
34003007001,36085000900,168.45
34003058200,36085000900,181.44
34027041100,36085000900,223.22
34027040801,36085000900,232.33
34027040900,36085000900,229.49
34027040200,36085000900,230.1
34027040300,36085000900,232.05
34031246201,36085000900,221.3
34027040701,36085000900,255.22
34031246003,36085000900,225.75
34003020200,36085000900,219.65
34003061300,36085000900,204.92
34003034000,36085000900,193.25
34003047200,36085000900,193.04
34003027000,36085000900,193.81
34003061200,36085000900,206.55
34003022100,36085000900,180.21
34003059200,36085000900,180.56
34035052400,36085000900,196.55
34035052601,36085000900,211.18
34035052700,36085000900,211.49
34035052603,36085000900,184.35
34035054100,36085000900,194.42
34027043401,36085000900,196.65
34027043402,36085000900,203.04
34027043800,36085000900,186.46
34027042302,36085000900,198.78
34027043500,36085000900,184.84
34027042301,36085000900,195.18
34027041601,36085000900,214.69
34027041604,36085000900,208.76
34027041801,36085000900,197.7
34027041802,36085000900,200.48
34027041706,36085000900,205.38
34027041603,36085000900,205.54
34027041701,36085000900,208.64
34031246102,36085000900,211.65
34003047300,36085000900,186.3
34003058100,36085000900,182.81
34003047400,36085000900,182.93
34003024200,36085000900,176.72
34003059100,36085000900,180.93
34003047100,36085000900,186.9
34003049002,36085000900,183.33
34003061400,36085000900,194.19
34003002300,36085000900,178.7
34027041602,36085000900,226.1
34027041000,36085000900,224.39
34027041200,36085000900,217.61
34027040804,36085000900,220.44
36085020804,36085000900,72.46
36085014700,36085000900,22.23
36085015100,36085000900,24.57
36085015400,36085000900,56.04
36085015601,36085000900,61.45
36085015602,36085000900,65.54
36085015603,36085000900,61.38
36085016901,36085000900,17.92
36085017010,36085000900,69.69
36085017300,36085000900,24.27
36085017600,36085000900,70.59
36085001700,36085000900,3.66
36085000600,36085000900,17.65
36085000700,36085000900,4.63
36085001800,36085000900,24.78
36085000300,36085000900,5.03
36085000800,36085000900,18.39
36085000900,36085000900,0.0
36085002001,36085000900,22.46
36085002002,36085000900,23.54
36085013204,36085000900,52.16
36085002100,36085000900,8.19
36085002700,36085000900,13.01
36085002900,36085000900,12.48
36085001100,36085000900,1.75
36085003300,36085000900,9.27
36085003600,36085000900,17.87
36085003900,36085000900,12.67
36085004000,36085000900,15.98
36085004700,36085000900,17.03
36085005000,36085000900,21.96
36085005900,36085000900,13.41
36085006400,36085000900,25.75
36085007000,36085000900,29.06
36085007400,36085000900,29.09
36085007500,36085000900,6.25
36085007700,36085000900,5.0
36085008100,36085000900,6.1
36085014605,36085000900,54.2
36085008900,36085000900,9.16
36085009601,36085000900,25.74
36085009602,36085000900,30.16
36085009700,36085000900,14.49
36085010500,36085000900,14.35
36085011201,36085000900,36.18
36085011202,36085000900,40.52
36085011401,36085000900,32.09
36085011402,36085000900,34.62
36085012100,36085000900,17.0
36085012200,36085000900,37.84
36085012500,36085000900,17.6
36085012804,36085000900,46.55
36085013201,36085000900,45.6
36085014606,36085000900,51.41
36085013301,36085000900,15.35
36085013302,36085000900,18.29
36085013400,36085000900,42.06
36085013800,36085000900,42.82
36085014100,36085000900,21.21
36085027704,36085000900,42.62
36085017700,36085000900,26.23
36085018701,36085000900,24.65
36085018702,36085000900,27.73
36085018901,36085000900,28.38
36085018902,36085000900,30.36
36085019700,36085000900,27.41
36085020100,36085000900,26.05
36085020700,36085000900,22.76
36085030302,36085000900,33.89
36085020801,36085000900,76.86
36085017008,36085000900,62.59
36085020803,36085000900,78.7
36085021300,36085000900,23.95
36085022300,36085000900,29.27
36085022600,36085000900,82.22
36085023100,36085000900,34.1
36085023900,36085000900,29.54
36085024700,36085000900,26.4
36085025100,36085000900,31.01
36085027301,36085000900,38.28
36085027302,36085000900,33.87
36085030301,36085000900,32.97
36085027702,36085000900,50.97
36085027900,36085000900,43.91
36085017005,36085000900,66.65
36085029102,36085000900,46.71
36085031901,36085000900,34.42
36085031902,36085000900,35.26
36085032300,36085000900,37.27
36085013203,36085000900,54.1
36085017007,36085000900,62.16
36085029104,36085000900,36.97
36085029103,36085000900,39.06
36085014604,36085000900,61.79
36085017009,36085000900,69.01
36085022800,36085000900,69.82
36085027705,36085000900,44.69
36085027706,36085000900,44.84
36085990100,36085000900,64.86
36085006700,36085000900,10.68
36085018100,36085000900,39.63
36085019800,36085000900,80.89
36085012805,36085000900,49.46
36085012806,36085000900,46.23
36085014607,36085000900,58.12
36085014608,36085000900,53.99
36085017011,36085000900,63.48
36085017012,36085000900,61.07
36061027100,36085000900,113.76
36061012900,36085000900,64.43
36061014401,36085000900,77.96
36061009900,36085000900,58.92
36061014601,36085000900,75.71
36061015400,36085000900,78.17
36061015801,36085000900,80.27
36061015601,36085000900,79.66
36061029500,36085000900,123.12
36061024000,36085000900,91.87
36061001401,36085000900,45.79
36061021703,36085000900,97.94
36061015200,36085000900,80.86
36061022900,36085000900,100.01
36061016100,36085000900,74.75
36061024700,36085000900,106.6
36061016300,36085000900,75.11
36061020600,36085000900,94.16
36061016500,36085000900,76.76
36061018300,36085000900,82.1
36061018000,36085000900,84.89
36061016002,36085000900,83.48
36061016700,36085000900,76.95
36061017500,36085000900,79.34
36061024900,36085000900,108.91
36061021900,36085000900,95.35
36061017000,36085000900,83.47
36061016900,36085000900,78.34
36061023900,36085000900,105.06
36061017100,36085000900,79.45
36061018100,36085000900,81.96
36061020102,36085000900,90.66
36061017402,36085000900,87.94
36061028700,36085000900,120.2
36061000201,36085000900,45.82
36061016400,36085000900,81.12
36061018200,36085000900,87.79
36061022301,36085000900,96.69
36061018500,36085000900,83.25
36061021000,36085000900,96.13
36061027700,36085000900,116.6
36061023502,36085000900,103.78
36061022102,36085000900,99.1
36061019701,36085000900,89.26
36061019500,36085000900,87.49
36061018900,36085000900,85.73
36061024100,36085000900,103.18
36061019000,36085000900,90.23
36061020101,36085000900,90.96
36061021400,36085000900,100.23
36061020800,36085000900,95.97
36061018800,36085000900,86.51
36061023000,36085000900,100.36
36061026300,36085000900,112.17
36061022400,36085000900,95.66
36061008700,36085000900,56.71
36061023700,36085000900,102.09
36061024500,36085000900,106.46
36061010601,36085000900,68.66
36061022200,36085000900,93.79
36061024302,36085000900,107.36
36061021200,36085000900,96.47
36061022500,36085000900,98.1
36061011401,36085000900,70.43
36061023200,36085000900,100.66
36061009600,36085000900,66.98
36061011203,36085000900,68.5
36061030300,36085000900,127.36
36061023300,36085000900,101.59
36061022302,36085000900,94.63
36061025300,36085000900,109.46
36061020901,36085000900,95.0
36061023600,36085000900,103.44
36061030900,36085000900,130.16
36061025100,36085000900,107.95
36061025500,36085000900,109.88
36061026700,36085000900,115.48
36061028100,36085000900,120.34
36061029100,36085000900,121.25
36061029700,36085000900,129.91
36061020701,36085000900,92.18
36061028300,36085000900,119.52
36061006200,36085000900,60.04
36061002500,36085000900,41.83
36061005800,36085000900,59.11
36061006000,36085000900,59.12
36061022600,36085000900,97.76
36061009000,36085000900,64.38
36061002202,36085000900,51.03
36061011500,36085000900,63.73
36061027500,36085000900,115.39
36061014700,36085000900,69.6
36061015001,36085000900,79.09
36061015500,36085000900,71.96
36061020300,36085000900,95.63
36061019702,36085000900,89.68
36061010400,36085000900,69.79
36061000500,36085000900,48.45
36061003400,36085000900,52.24
36061003001,36085000900,48.05
36061000202,36085000900,48.06
36061014900,36085000900,72.61
36061000800,36085000900,43.39
36061004100,36085000900,45.58
36061001402,36085000900,46.84
36061017300,36085000900,79.2
36061002601,36085000900,51.62
36061019400,36085000900,87.67
36061024301,36085000900,106.79
36061014300,36085000900,81.06
36061001502,36085000900,38.27
36061006600,36085000900,56.7
36061011201,36085000900,69.29
36061000100,36085000900,67.88
36061028500,36085000900,119.75
36061003601,36085000900,47.98
36061012200,36085000900,72.65
36061007000,36085000900,58.45
36061019100,36085000900,85.56
36061019300,36085000900,87.44
36061017401,36085000900,87.1
36061002400,36085000900,53.27
36061017800,36085000900,87.59
36061006800,36085000900,56.64
36061003200,36085000900,50.88
36061007500,36085000900,51.04
36061002700,36085000900,41.69
36061000700,36085000900,36.76
36061012000,36085000900,71.54
36061013500,36085000900,68.9
36061013700,36085000900,69.44
36061012400,36085000900,74.25
36061012700,36085000900,65.54
36061013400,36085000900,73.62
36061020000,36085000900,91.99
36061014200,36085000900,77.42
36061009100,36085000900,58.11
36061009400,36085000900,65.14
36061011000,36085000900,68.58
36061010602,36085000900,71.59
36061014000,36085000900,76.47
36061010800,36085000900,66.45
36061007700,36085000900,54.96
36061007400,36085000900,59.54
36061012500,36085000900,67.02
36061011202,36085000900,68.55
36061015900,36085000900,73.18
36061015602,36085000900,81.33
36061014602,36085000900,77.25
36061020500,36085000900,88.9
36061029300,36085000900,122.64
36061031100,36085000900,115.89
36061002900,36085000900,44.81
36061010200,36085000900,66.73
36061008000,36085000900,61.36
36061012100,36085000900,64.37
36061000600,36085000900,44.53
36061009200,36085000900,64.44
36061001200,36085000900,48.15
36061005501,36085000900,49.04
36061003002,36085000900,49.17
36061003100,36085000900,43.32
36061001300,36085000900,37.71
36061001800,36085000900,46.36
36061017900,36085000900,81.34
36061001002,36085000900,50.98
36061004700,36085000900,47.28
36061014500,36085000900,69.96
36061004800,36085000900,53.91
36061002800,36085000900,54.46
36061005900,36085000900,50.96
36061005700,36085000900,50.23
36061003602,36085000900,49.34
36061013600,36085000900,77.09
36061012600,36085000900,71.28
36061031900,36085000900,36.4
36061014402,36085000900,78.61
36061003900,36085000900,44.42
36061001501,36085000900,39.72
36061004200,36085000900,53.38
36061002201,36085000900,50.67
36061014802,36085000900,78.73
36061008400,36085000900,63.29
36061002000,36085000900,53.73
36061001001,36085000900,49.61
36061004300,36085000900,47.19
36061008100,36085000900,55.05
36061005502,36085000900,48.87
36061010300,36085000900,61.78
36061010000,36085000900,67.17
36061011100,36085000900,61.71
36061022800,36085000900,98.66
36061006500,36085000900,51.29
36061001600,36085000900,45.32
36061009300,36085000900,57.84
36061003800,36085000900,50.26
36061005000,36085000900,54.34
36061006400,36085000900,55.26
36061008300,36085000900,55.46
36061007900,36085000900,52.56
36061022000,36085000900,92.88
36061004500,36085000900,46.52
36061027900,36085000900,118.39
36061023400,36085000900,102.63
36061018700,36085000900,84.08
36061002100,36085000900,41.57
36061018400,36085000900,89.17
36061007600,36085000900,59.86
36061016200,36085000900,85.01
36061030700,36085000900,127.02
36061006100,36085000900,53.36
36061009500,36085000900,59.42
36061002602,36085000900,52.75
36061006900,36085000900,49.63
36061008800,36085000900,62.56
36061007100,36085000900,53.68
36061023501,36085000900,103.38
36061007200,36085000900,59.83
36061003300,36085000900,44.52
36061015002,36085000900,79.9
36061007300,36085000900,52.05
36061010100,36085000900,60.79
36061010900,36085000900,63.78
36061004000,36085000900,52.48
36061027300,36085000900,113.83
36061009700,36085000900,60.13
36061006700,36085000900,51.64
36061004900,36085000900,47.89
36061018600,36085000900,89.41
36061009800,36085000900,64.87
36061019900,36085000900,88.61
36061008200,36085000900,61.89
36061005200,36085000900,54.98
36061005600,36085000900,56.72
36061016600,36085000900,83.73
36061000900,36085000900,35.2
36061026100,36085000900,111.12
36061013800,36085000900,74.51
36061017700,36085000900,80.64
36061011600,36085000900,71.04
36061011700,36085000900,62.66
36061008900,36085000900,56.56
36061006300,36085000900,54.77
36061007800,36085000900,60.27
36061019600,36085000900,89.67
36061026900,36085000900,114.06
36061014801,36085000900,77.79
36061012800,36085000900,73.86
36061011800,36085000900,69.98
36061021800,36085000900,91.35
36061021100,36085000900,92.64
36061005400,36085000900,55.08
36061011402,36085000900,69.87
36061013900,36085000900,68.34
36061013300,36085000900,66.58
36061015802,36085000900,81.92
36061019200,36085000900,91.82
36061016800,36085000900,85.57
36061011300,36085000900,63.2
36061021600,36085000900,90.16
36061013000,36085000900,74.59
36061019800,36085000900,92.01
36061011900,36085000900,65.47
36061016001,36085000900,81.52
36061015700,36085000900,73.63
36061026500,36085000900,111.38
36061015300,36085000900,72.29
36061013200,36085000900,75.29
36061015100,36085000900,70.34
36061013100,36085000900,68.29
36061017200,36085000900,85.34
36061021500,36085000900,96.39
36061025700,36085000900,92.11
36061003700,36085000900,48.33
36061024200,36085000900,91.37
36061025900,36085000900,101.31
36061029900,36085000900,121.29
36061008601,36085000900,61.68
36061008603,36085000900,67.34
36061022700,36085000900,100.98
36061023100,36085000900,101.51
36061023801,36085000900,93.97
36061023802,36085000900,94.36
36061031703,36085000900,41.67
36061031704,36085000900,38.19
36061004400,36085000900,59.37
36061008602,36085000900,72.45
36061021303,36085000900,95.46
36047031500,36085000900,69.79
36047031701,36085000900,70.86
36047031702,36085000900,71.91
36047031900,36085000900,75.21
36047032100,36085000900,73.63
36047032300,36085000900,72.48
36047032500,36085000900,71.53
36047032600,36085000900,115.31
36047032700,36085000900,73.44
36047032800,36085000900,117.64
36047032900,36085000900,75.88
36047033000,36085000900,119.05
36047033100,36085000900,77.84
36047033300,36085000900,76.93
36047033500,36085000900,76.21
36047033600,36085000900,119.49
36047033700,36085000900,75.08
36047033900,36085000900,74.38
36047034000,36085000900,118.86
36047034100,36085000900,73.4
36047034200,36085000900,120.33
36047034300,36085000900,75.16
36047034500,36085000900,77.81
36047034700,36085000900,78.43
36047034900,36085000900,80.44
36047035000,36085000900,113.21
36047035100,36085000900,79.54
36047053400,36085000900,91.41
36047053500,36085000900,61.6
36047053700,36085000900,62.6
36047053800,36085000900,92.11
36047053900,36085000900,62.85
36047054200,36085000900,95.93
36047054300,36085000900,58.27
36047054400,36085000900,94.81
36047054500,36085000900,61.42
36047054700,36085000900,59.83
36047054800,36085000900,96.05
36047054900,36085000900,58.79
36047055000,36085000900,95.83
36047055100,36085000900,60.39
36047055200,36085000900,96.81
36047055300,36085000900,61.04
36047055400,36085000900,97.9
36047055500,36085000900,62.23
36047055600,36085000900,99.64
36047055700,36085000900,63.46
36047055800,36085000900,99.31
36047056000,36085000900,98.09
36047056200,36085000900,98.71
36047056300,36085000900,71.81
36047056400,36085000900,98.51
36047048600,36085000900,81.67
36047048800,36085000900,82.72
36047048900,36085000900,69.23
36047049000,36085000900,83.84
36047049100,36085000900,64.67
36047049200,36085000900,83.54
36047066600,36085000900,111.55
36047075800,36085000900,93.0
36047000100,36085000900,52.5
36047000200,36085000900,77.13
36047000301,36085000900,53.89
36047000700,36085000900,55.45
36047000900,36085000900,54.53
36047001100,36085000900,52.9
36047001300,36085000900,51.77
36047001800,36085000900,71.8
36047002000,36085000900,79.55
36047002100,36085000900,50.82
36047018800,36085000900,93.61
36047019000,36085000900,91.82
36047019100,36085000900,59.89
36047019200,36085000900,88.84
36047019300,36085000900,64.7
36047019400,36085000900,90.69
36047019500,36085000900,60.54
36047019600,36085000900,92.38
36047019700,36085000900,61.99
36047019800,36085000900,93.95
36047019900,36085000900,61.46
36047020000,36085000900,93.92
36047020100,36085000900,63.16
36047020200,36085000900,92.94
36047020300,36085000900,63.78
36047020400,36085000900,91.95
36047020500,36085000900,64.59
36047020600,36085000900,90.92
36047020700,36085000900,65.17
36047020800,36085000900,91.01
36047021000,36085000900,91.27
36047021200,36085000900,89.95
36047021300,36085000900,70.26
36047021400,36085000900,87.95
36047021500,36085000900,66.92
36047021600,36085000900,87.2
36047021700,36085000900,69.93
36047021800,36085000900,86.39
36047093000,36085000900,90.67
36047093400,36085000900,91.36
36047093600,36085000900,90.95
36047093800,36085000900,89.16
36047094401,36085000900,95.18
36047094402,36085000900,98.27
36047095000,36085000900,96.11
36047095400,36085000900,95.78
36047095600,36085000900,97.75
36047095800,36085000900,96.38
36047096000,36085000900,93.12
36047096200,36085000900,94.46
36047096400,36085000900,95.33
36047096600,36085000900,96.93
36047096800,36085000900,97.64
36047097000,36085000900,95.29
36047097400,36085000900,100.48
36047098200,36085000900,99.62
36047098400,36085000900,100.65
36047098600,36085000900,100.97
36047098800,36085000900,99.41
36047099000,36085000900,99.82
36047099200,36085000900,98.17
36047099400,36085000900,99.17
36047099600,36085000900,99.42
36047074600,36085000900,94.16
36047074800,36085000900,91.45
36047075000,36085000900,89.62
36047075200,36085000900,89.01
36047075400,36085000900,90.73
36047075600,36085000900,93.98
36047076000,36085000900,89.69
36047076200,36085000900,87.99
36047076400,36085000900,85.15
36047076600,36085000900,84.71
36047077000,36085000900,84.41
36047077200,36085000900,86.17
36047077400,36085000900,87.81
36047077600,36085000900,89.22
36047078000,36085000900,89.0
36047078200,36085000900,89.1
36047078400,36085000900,87.66
36047078600,36085000900,86.28
36047078800,36085000900,85.81
36047079000,36085000900,82.52
36047079200,36085000900,80.53
36047079400,36085000900,80.46
36047080000,36085000900,74.38
36047080200,36085000900,75.83
36047080400,36085000900,77.81
36047080600,36085000900,77.51
36047035200,36085000900,117.28
36047035300,36085000900,78.82
36047035400,36085000900,113.63
36047035500,36085000900,82.06
36047035700,36085000900,79.52
36047035900,36085000900,80.66
36047036001,36085000900,113.6
36047036002,36085000900,113.53
36047036100,36085000900,82.01
36047036200,36085000900,113.47
36047036300,36085000900,82.83
36047036400,36085000900,112.07
36047036501,36085000900,84.76
36047036502,36085000900,83.99
36047036600,36085000900,111.7
36047036700,36085000900,84.07
36047036900,36085000900,81.12
36047037000,36085000900,108.79
36047037100,36085000900,79.66
36047037300,36085000900,78.42
36047037500,36085000900,75.69
36047037700,36085000900,77.03
36047056500,36085000900,70.44
36047056600,36085000900,100.66
36047056800,36085000900,101.77
36047056900,36085000900,65.51
36047057000,36085000900,103.27
36047057100,36085000900,66.54
36047057200,36085000900,104.01
36047057300,36085000900,68.58
36047057400,36085000900,101.28
36047057500,36085000900,71.25
36047057600,36085000900,100.73
36047057800,36085000900,100.06
36047057900,36085000900,72.5
36047058000,36085000900,101.87
36047058200,36085000900,102.51
36047058400,36085000900,105.22
36047058600,36085000900,103.63
36047058800,36085000900,107.56
36047058900,36085000900,69.5
36047059000,36085000900,105.73
36047059100,36085000900,67.77
36047059200,36085000900,103.62
36047059300,36085000900,69.47
36047059401,36085000900,103.81
36047059402,36085000900,105.21
36047002200,36085000900,82.2
36047002300,36085000900,53.86
36047002901,36085000900,55.14
36047003000,36085000900,85.79
36047003100,36085000900,56.03
36047003300,36085000900,58.55
36047003400,36085000900,88.5
36047003500,36085000900,59.11
36047003600,36085000900,87.76
36047003700,36085000900,54.79
36047003800,36085000900,89.89
36047003900,36085000900,57.93
36047004100,36085000900,56.47
36047004300,36085000900,54.87
36047004500,36085000900,55.39
36047004700,36085000900,57.76
36047060600,36085000900,108.07
36047004900,36085000900,57.3
36047005000,36085000900,94.14
36047005100,36085000900,58.87
36047005201,36085000900,95.04
36047005202,36085000900,95.56
36047005400,36085000900,95.49
36047021900,36085000900,70.21
36047022000,36085000900,84.84
36047022100,36085000900,67.83
36047022200,36085000900,84.22
36047022400,36085000900,83.29
36047022600,36085000900,82.52
36047022700,36085000900,64.91
36047022800,36085000900,82.79
36047022900,36085000900,65.85
36047023000,36085000900,83.68
36047023100,36085000900,64.17
36047023200,36085000900,85.24
36047023300,36085000900,67.0
36047023400,36085000900,87.04
36047023500,36085000900,64.18
36047023600,36085000900,86.93
36047023800,36085000900,87.4
36047024000,36085000900,89.19
36047024100,36085000900,65.05
36047024200,36085000900,89.41
36047024300,36085000900,66.72
36047024400,36085000900,91.84
36047024500,36085000900,69.16
36047024600,36085000900,92.39
36047024700,36085000900,70.62
36047024800,36085000900,92.83
36047024900,36085000900,70.06
36047099800,36085000900,100.66
36047100400,36085000900,101.72
36047100600,36085000900,100.84
36047100800,36085000900,100.03
36047101000,36085000900,101.16
36047101200,36085000900,101.64
36047101400,36085000900,102.81
36047101600,36085000900,102.34
36047101800,36085000900,103.73
36047102000,36085000900,105.0
36047102200,36085000900,103.52
36047102400,36085000900,102.2
36047102600,36085000900,103.76
36047102800,36085000900,104.79
36047103400,36085000900,105.32
36047107000,36085000900,103.01
36047107800,36085000900,98.7
36047109800,36085000900,96.69
36047110600,36085000900,96.77
36047111000,36085000900,97.34
36047111800,36085000900,96.19
36047112000,36085000900,96.22
36047112200,36085000900,94.24
36047112400,36085000900,92.85
36047081000,36085000900,79.8
36047081400,36085000900,82.52
36047081600,36085000900,81.11
36047081800,36085000900,79.39
36047114400,36085000900,86.66
36047011900,36085000900,62.52
36047015200,36085000900,95.63
36047016600,36085000900,94.27
36047021100,36085000900,55.78
36047048500,36085000900,67.54
36047056100,36085000900,67.81
36047062000,36085000900,115.38
36047080800,36085000900,80.9
36047092400,36085000900,87.14
36047093200,36085000900,91.48
36047110400,36085000900,95.1
36047111600,36085000900,99.89
36047123700,36085000900,61.76
36047150200,36085000900,75.48
36047004400,36085000900,91.19
36047005300,36085000900,64.19
36047037900,36085000900,78.66
36047038100,36085000900,77.08
36047038200,36085000900,104.9
36047038300,36085000900,75.62
36047038500,36085000900,74.03
36047038600,36085000900,103.62
36047038700,36085000900,73.41
36047038800,36085000900,104.35
36047038900,36085000900,68.97
36047039000,36085000900,104.62
36047039100,36085000900,69.47
36047039200,36085000900,103.84
36047039300,36085000900,71.0
36047039400,36085000900,103.87
36047039500,36085000900,73.13
36047039600,36085000900,102.22
36047039700,36085000900,76.52
36047039800,36085000900,102.87
36047039900,36085000900,76.44
36047040000,36085000900,102.04
36047040100,36085000900,78.4
36047040200,36085000900,102.72
36047040300,36085000900,80.05
36047059600,36085000900,106.08
36047059800,36085000900,107.75
36047119000,36085000900,95.62
36047060000,36085000900,106.8
36047060800,36085000900,108.35
36047062800,36085000900,107.99
36047061200,36085000900,112.57
36047062200,36085000900,111.23
36047062600,36085000900,105.39
36047063200,36085000900,103.02
36047063600,36085000900,98.32
36047063800,36085000900,99.28
36047064000,36085000900,96.7
36047064200,36085000900,96.95
36047064400,36085000900,95.85
36047064600,36085000900,95.81
36047064800,36085000900,95.41
36047065000,36085000900,94.74
36047065200,36085000900,98.44
36047065400,36085000900,97.53
36047065600,36085000900,97.49
36047065800,36085000900,99.94
36047066000,36085000900,99.79
36047005601,36085000900,96.09
36047005602,36085000900,97.27
36047005800,36085000900,93.85
36047005900,36085000900,63.77
36047006000,36085000900,92.55
36047006200,36085000900,90.98
36047006300,36085000900,59.9
36047006400,36085000900,88.74
36047006500,36085000900,60.17
36047006600,36085000900,87.21
36047006700,36085000900,57.28
36047006800,36085000900,85.39
36047006900,36085000900,56.43
36047007000,36085000900,84.27
36047007100,36085000900,59.11
36047007200,36085000900,83.19
36047007400,36085000900,81.91
36047007500,36085000900,58.45
36047007600,36085000900,80.38
36047007700,36085000900,61.18
36047007800,36085000900,79.14
36047008000,36085000900,78.14
36047008200,36085000900,76.63
36047008400,36085000900,74.09
36047008500,36085000900,65.24
36047025000,36085000900,90.71
36047025100,36085000900,67.9
36047025200,36085000900,92.65
36047025300,36085000900,66.74
36047025400,36085000900,94.12
36047025500,36085000900,63.72
36047025600,36085000900,94.04
36047025700,36085000900,65.45
36047025800,36085000900,95.78
36047025901,36085000900,66.94
36047025902,36085000900,67.8
36047026000,36085000900,94.62
36047026100,36085000900,67.87
36047026200,36085000900,92.44
36047026300,36085000900,70.23
36047026400,36085000900,94.51
36047026500,36085000900,69.34
36047026600,36085000900,96.24
36047026700,36085000900,70.86
36047026800,36085000900,97.36
36047026900,36085000900,70.71
36047027000,36085000900,99.21
36047027200,36085000900,98.32
36047027300,36085000900,73.09
36047027400,36085000900,97.1
36047027500,36085000900,72.11
36047027600,36085000900,96.86
36047027700,36085000900,71.92
36047112600,36085000900,91.01
36047112800,36085000900,93.37
36047113000,36085000900,91.94
36047113200,36085000900,92.77
36047113400,36085000900,89.96
36047114201,36085000900,87.58
36047114202,36085000900,87.89
36047114600,36085000900,87.4
36047115000,36085000900,90.18
36047115200,36085000900,89.11
36047115600,36085000900,89.9
36047115800,36085000900,91.01
36047116000,36085000900,92.43
36047116200,36085000900,93.41
36047116400,36085000900,94.43
36047116600,36085000900,91.95
36047116800,36085000900,91.18
36047117000,36085000900,89.12
36047117201,36085000900,88.85
36047117202,36085000900,91.59
36047117400,36085000900,92.24
36047117601,36085000900,93.96
36047117602,36085000900,94.63
36047117800,36085000900,95.92
36047118000,36085000900,93.6
36047012600,36085000900,86.27
36047027100,36085000900,72.94
36047030500,36085000900,66.8
36047034800,36085000900,111.99
36047044900,36085000900,69.43
36047046000,36085000900,87.15
36047076800,36085000900,93.76
36047094600,36085000900,93.15
36047105804,36085000900,100.77
36047119800,36085000900,86.47
36047152200,36085000900,82.22
36047000501,36085000900,53.66
36047000502,36085000900,52.34
36047001500,36085000900,53.8
36047035601,36085000900,110.69
36047035602,36085000900,112.03
36047037401,36085000900,107.74
36047037402,36085000900,106.72
36047050801,36085000900,75.86
36047050803,36085000900,75.54
36047050804,36085000900,75.74
36047051001,36085000900,78.23
36047028200,36085000900,101.44
36047028300,36085000900,69.41
36047028400,36085000900,100.17
36047028501,36085000900,67.16
36047028502,36085000900,69.55
36047028600,36085000900,102.44
36047028700,36085000900,70.41
36047028800,36085000900,101.16
36047028900,36085000900,72.25
36047029000,36085000900,101.85
36047029100,36085000900,73.22
36047029200,36085000900,102.71
36047029300,36085000900,73.75
36047029400,36085000900,105.23
36047029500,36085000900,74.35
36047029600,36085000900,101.85
36047029700,36085000900,75.22
36047029800,36085000900,102.09
36047029900,36085000900,77.61
36047030000,36085000900,104.36
36047030100,36085000900,81.53
36047030200,36085000900,105.36
36047030300,36085000900,80.88
36047030400,36085000900,106.79
36047030600,36085000900,106.67
36047030700,36085000900,77.83
36047030800,36085000900,109.37
36047030900,36085000900,75.57
36047031100,36085000900,73.94
36047031300,36085000900,71.68
36047031400,36085000900,108.16
36047040400,36085000900,100.88
36047040500,36085000900,81.64
36047040600,36085000900,101.4
36047040700,36085000900,83.58
36047040800,36085000900,100.1
36047040900,36085000900,79.84
36047041000,36085000900,99.93
36047041100,36085000900,80.53
36047041200,36085000900,99.09
36047041300,36085000900,78.79
36047041401,36085000900,99.47
36047041402,36085000900,100.01
36047041500,36085000900,78.23
36047041600,36085000900,101.15
36047041700,36085000900,75.75
36047041800,36085000900,99.52
36047041900,36085000900,74.56
36047049300,36085000900,65.86
36047049400,36085000900,82.55
36047049500,36085000900,63.75
36047049600,36085000900,80.22
36047049700,36085000900,64.85
36047049800,36085000900,79.84
36047049900,36085000900,65.2
36047050000,36085000900,78.99
36047050100,36085000900,63.72
36047050202,36085000900,75.98
36047066200,36085000900,101.55
36047067000,36085000900,99.93
36047042000,36085000900,98.07
36047042100,36085000900,73.26
36047042200,36085000900,97.61
36047042300,36085000900,72.27
36047042400,36085000900,97.39
36047042500,36085000900,72.62
36047042600,36085000900,97.81
36047042700,36085000900,70.7
36047042800,36085000900,98.28
36047042900,36085000900,72.58
36047043000,36085000900,97.88
36047043100,36085000900,74.2
36047043200,36085000900,95.87
36047043300,36085000900,75.42
36047043400,36085000900,95.82
36047043500,36085000900,77.01
36047043600,36085000900,95.19
36047043700,36085000900,78.52
36047043800,36085000900,95.9
36047043900,36085000900,78.49
36047044000,36085000900,95.99
36047044100,36085000900,76.24
36047044200,36085000900,96.51
36047044300,36085000900,75.58
36047008600,36085000900,81.07
36047008800,36085000900,77.46
36047009000,36085000900,79.36
36047009200,36085000900,80.02
36047009400,36085000900,81.44
36047009600,36085000900,79.51
36047009800,36085000900,80.64
36047010000,36085000900,82.14
36047010100,36085000900,72.27
36047010200,36085000900,83.38
36047010400,36085000900,85.64
36047010600,36085000900,84.27
36047010800,36085000900,82.74
36047011000,36085000900,80.88
36047011200,36085000900,81.88
36047011400,36085000900,83.93
36047011600,36085000900,86.95
36047011700,36085000900,67.67
36047011800,36085000900,85.54
36047012000,36085000900,88.16
36047012100,36085000900,64.72
36047012200,36085000900,84.19
36047012700,36085000900,59.76
36047012801,36085000900,88.08
36047012901,36085000900,61.11
36047012902,36085000900,61.68
36047013000,36085000900,86.76
36047013100,36085000900,62.07
36047050300,36085000900,62.34
36047050400,36085000900,79.98
36047050500,36085000900,62.91
36047050600,36085000900,79.4
36047050700,36085000900,64.59
36047050900,36085000900,63.64
36047051100,36085000900,61.56
36047051200,36085000900,79.73
36047051300,36085000900,60.38
36047051400,36085000900,80.28
36047051500,36085000900,63.39
36047051700,36085000900,63.91
36047051800,36085000900,83.36
36047051900,36085000900,60.61
36047052000,36085000900,83.78
36047052300,36085000900,58.44
36047052500,36085000900,59.23
36047052600,36085000900,85.11
36047052700,36085000900,59.82
36047052800,36085000900,88.11
36047052900,36085000900,61.87
36047053000,36085000900,89.06
36047053100,36085000900,64.21
36047053200,36085000900,90.17
36047053300,36085000900,62.29
36047044400,36085000900,94.38
36047044500,36085000900,73.96
36047044600,36085000900,93.47
36047044700,36085000900,72.76
36047044800,36085000900,93.99
36047045000,36085000900,90.7
36047045200,36085000900,92.99
36047045300,36085000900,70.56
36047045400,36085000900,93.15
36047045600,36085000900,89.22
36047045800,36085000900,89.66
36047046201,36085000900,89.23
36047046202,36085000900,90.11
36047046400,36085000900,89.23
36047046800,36085000900,90.48
36047047000,36085000900,90.47
36047047200,36085000900,88.95
36047047400,36085000900,87.91
36047047600,36085000900,87.22
36047047700,36085000900,66.56
36047047800,36085000900,84.99
36047048000,36085000900,87.35
36047048100,36085000900,66.05
36047048200,36085000900,86.52
36047048400,36085000900,85.44
36047013200,36085000900,90.43
36047013300,36085000900,63.91
36047013400,36085000900,89.13
36047013500,36085000900,65.28
36047013600,36085000900,89.25
36047013700,36085000900,66.25
36047013800,36085000900,91.53
36047013900,36085000900,67.47
36047014000,36085000900,92.46
36047014100,36085000900,67.98
36047014200,36085000900,92.27
36047014300,36085000900,68.29
36047014500,36085000900,69.58
36047014700,36085000900,72.24
36047014800,36085000900,95.37
36047014900,36085000900,70.64
36047015000,36085000900,96.35
36047015100,36085000900,69.16
36047015300,36085000900,67.74
36047015400,36085000900,100.03
36047015500,36085000900,66.48
36047015700,36085000900,64.84
36047015900,36085000900,63.76
36047016000,36085000900,94.02
36047016100,36085000900,62.39
36047016200,36085000900,96.72
36047027800,36085000900,98.65
36047027900,36085000900,72.13
36047028000,36085000900,100.49
36047028100,36085000900,69.88
36047082000,36085000900,78.06
36047082200,36085000900,76.97
36047082400,36085000900,80.7
36047082600,36085000900,82.71
36047082800,36085000900,83.87
36047083000,36085000900,85.59
36047083200,36085000900,86.71
36047083400,36085000900,87.59
36047083600,36085000900,90.3
36047083800,36085000900,88.95
36047084000,36085000900,90.09
36047084600,36085000900,91.73
36047084800,36085000900,90.08
36047085000,36085000900,89.16
36047085200,36085000900,85.63
36047085400,36085000900,85.61
36047085600,36085000900,85.94
36047085800,36085000900,84.34
36047086000,36085000900,86.52
36047086200,36085000900,88.3
36047086400,36085000900,88.21
36047086600,36085000900,86.49
36047086800,36085000900,86.08
36047118201,36085000900,94.19
36047118202,36085000900,95.59
36047118400,36085000900,95.34
36047118600,36085000900,97.07
36047118800,36085000900,96.83
36047119200,36085000900,93.31
36047119400,36085000900,95.1
36047119600,36085000900,95.34
36047120000,36085000900,97.75
36047120800,36085000900,102.17
36047121000,36085000900,98.87
36047121400,36085000900,101.1
36047122000,36085000900,106.92
36047054600,36085000900,94.85
36047120200,36085000900,98.09
36047072600,36085000900,91.85
36047004600,36085000900,91.51
36047061002,36085000900,114.33
36047061600,36085000900,116.57
36047067200,36085000900,96.77
36047067400,36085000900,95.57
36047067600,36085000900,96.12
36047067800,36085000900,97.16
36047051002,36085000900,77.41
36047051601,36085000900,82.94
36047051602,36085000900,80.89
36047061003,36085000900,111.44
36047061004,36085000900,112.78
36047069601,36085000900,100.22
36047069602,36085000900,102.46
36047079601,36085000900,74.22
36047079602,36085000900,75.89
36047079801,36085000900,74.11
36047079802,36085000900,73.07
36047105801,36085000900,101.29
36047990100,36085000900,113.54
36047016300,36085000900,62.77
36047016400,36085000900,99.19
36047016500,36085000900,67.53
36047016700,36085000900,71.22
36047016800,36085000900,102.52
36047016900,36085000900,73.08
36047017000,36085000900,98.76
36047017100,36085000900,74.52
36047017200,36085000900,99.62
36047017400,36085000900,100.94
36047017500,36085000900,79.13
36047017600,36085000900,100.87
36047017700,36085000900,76.64
36047017800,36085000900,99.3
36047017900,36085000900,59.97
36047018000,36085000900,99.02
36047018100,36085000900,60.1
36047018200,36085000900,96.36
36047018300,36085000900,58.89
36047018400,36085000900,95.92
36047018501,36085000900,56.99
36047018600,36085000900,94.66
36047018700,36085000900,57.69
36047087000,36085000900,84.8
36047087200,36085000900,83.86
36047087401,36085000900,81.34
36047087600,36085000900,82.68
36047087800,36085000900,83.96
36047088000,36085000900,82.39
36047088200,36085000900,84.46
36047088400,36085000900,83.74
36047088600,36085000900,86.85
36047088800,36085000900,89.42
36047089000,36085000900,86.94
36047089200,36085000900,83.67
36047089400,36085000900,86.44
36047089600,36085000900,88.67
36047089800,36085000900,87.38
36047090000,36085000900,83.83
36047090200,36085000900,84.94
36047090600,36085000900,86.29
36047090800,36085000900,87.69
36047091000,36085000900,89.6
36047091200,36085000900,89.62
36047091600,36085000900,89.34
36047091800,36085000900,91.14
36047092000,36085000900,91.33
36047092200,36085000900,91.41
36047092800,36085000900,91.21
36047068000,36085000900,96.84
36047068200,36085000900,98.74
36047068600,36085000900,101.41
36047068800,36085000900,100.42
36047069000,36085000900,98.85
36047069200,36085000900,99.1
36047069800,36085000900,103.38
36047070000,36085000900,103.97
36047070201,36085000900,106.49
36047070202,36085000900,143.57
36047070203,36085000900,141.1
36047070600,36085000900,105.97
36047072000,36085000900,97.51
36047072200,36085000900,95.61
36047072400,36085000900,94.24
36047072800,36085000900,94.76
36047073000,36085000900,94.4
36047073200,36085000900,92.15
36047073400,36085000900,90.94
36047073600,36085000900,92.91
36047073800,36085000900,92.06
36047074000,36085000900,89.44
36047074200,36085000900,90.18
36047074400,36085000900,91.6
36119005600,36085000900,171.35
36059302800,36085000900,161.58
36059302700,36085000900,159.03
36059302600,36085000900,156.63
36119000101,36085000900,155.05
36119000103,36085000900,156.48
36119000104,36085000900,162.02
36119000201,36085000900,153.66
36119000202,36085000900,152.78
36119000203,36085000900,149.51
36119000300,36085000900,157.1
36119000401,36085000900,159.96
36119000402,36085000900,162.91
36119000500,36085000900,161.03
36059302000,36085000900,187.65
36059301900,36085000900,174.19
36059301800,36085000900,163.89
36119000600,36085000900,163.74
36119000701,36085000900,169.86
36119000702,36085000900,171.15
36119000801,36085000900,171.89
36119000802,36085000900,172.93
36119000803,36085000900,167.41
36081039900,36085000900,104.72
36081040000,36085000900,135.88
36081040100,36085000900,104.62
36081040200,36085000900,131.91
36081040300,36085000900,101.86
36081040400,36085000900,129.73
36081040500,36085000900,101.12
36081040700,36085000900,100.94
36081040900,36085000900,99.69
36081041100,36085000900,98.64
36081041300,36085000900,100.51
36081041400,36085000900,127.47
36081041500,36085000900,101.79
36081042600,36085000900,137.06
36081042700,36085000900,101.94
36081043200,36085000900,130.82
36081043400,36085000900,128.16
36081043900,36085000900,100.81
36081044000,36085000900,126.8
36081044601,36085000900,118.94
36081058000,36085000900,145.1
36081058100,36085000900,82.92
36081058300,36085000900,82.0
36081058500,36085000900,81.13
36081058700,36085000900,80.27
36081058900,36085000900,78.48
36081059000,36085000900,143.13
36081059100,36085000900,77.09
36081059200,36085000900,145.27
36081059300,36085000900,78.79
36081059400,36085000900,145.62
36081059500,36085000900,76.57
36081059600,36085000900,144.33
36081059800,36085000900,143.2
36081059900,36085000900,79.41
36119001000,36085000900,162.07
36119001101,36085000900,159.32
36059301700,36085000900,173.75
36059301600,36085000900,178.04
36059301500,36085000900,175.64
36059301400,36085000900,186.76
36059301300,36085000900,191.36
36059301200,36085000900,185.97
36059301102,36085000900,195.27
36059301101,36085000900,196.51
36119001102,36085000900,161.68
36119001200,36085000900,156.88
36119001301,36085000900,154.13
36119001302,36085000900,152.0
36119001303,36085000900,149.56
36119001401,36085000900,155.3
36119001402,36085000900,151.29
36059301000,36085000900,194.66
36059300900,36085000900,165.12
36059300800,36085000900,151.7
36059300700,36085000900,158.54
36059300600,36085000900,160.97
36059300500,36085000900,158.68
36059300400,36085000900,169.91
36059990100,36085000900,204.86
36119007000,36085000900,190.19
36119001403,36085000900,148.25
36119001502,36085000900,147.89
36119001503,36085000900,149.05
36119001504,36085000900,151.88
36119002202,36085000900,168.36
36119002203,36085000900,168.94
36059300300,36085000900,167.7
36059300100,36085000900,173.15
36119007100,36085000900,185.78
36119002204,36085000900,165.81
36119002300,36085000900,163.45
36119002401,36085000900,164.52
36119002404,36085000900,156.63
36119002405,36085000900,157.97
36119002402,36085000900,159.66
36119002403,36085000900,156.14
36119002600,36085000900,155.78
36119002700,36085000900,156.34
36081036800,36085000900,135.25
36081037100,36085000900,106.53
36081037300,36085000900,105.46
36081037500,36085000900,101.09
36081037600,36085000900,140.53
36081037700,36085000900,101.39
36081037900,36085000900,102.12
36081038100,36085000900,105.21
36081038400,36085000900,142.49
36081039400,36085000900,138.38
36081039800,36085000900,134.57
36081054800,36085000900,138.89
36081054900,36085000900,78.42
36081055100,36085000900,80.31
36081055200,36085000900,137.95
36081055300,36085000900,79.51
36081055400,36085000900,142.84
36081055500,36085000900,81.04
36081055600,36085000900,140.35
36081055700,36085000900,82.47
36081055800,36085000900,141.22
36081055900,36085000900,82.11
36081056000,36085000900,143.74
36081056100,36085000900,90.4
36081056200,36085000900,145.1
36081056400,36085000900,144.18
36081056500,36085000900,83.17
36081056600,36085000900,142.13
36081056700,36085000900,85.24
36081056800,36085000900,143.38
36081057700,36085000900,84.75
36081057900,36085000900,86.36
36119002800,36085000900,154.2
36081048400,36085000900,133.94
36081048500,36085000900,92.11
36081017100,36085000900,83.86
36081026400,36085000900,128.16
36081026500,36085000900,90.11
36081026600,36085000900,129.04
36081026700,36085000900,92.36
36081027000,36085000900,125.9
36081027100,36085000900,95.02
36081027200,36085000900,127.12
36081027300,36085000900,99.69
36081027400,36085000900,127.3
36081027500,36085000900,97.9
36081027600,36085000900,128.25
36081027700,36085000900,97.85
36081027800,36085000900,128.85
36081027900,36085000900,97.0
36081028000,36085000900,131.29
36081028100,36085000900,95.35
36081028200,36085000900,132.9
36081028300,36085000900,94.58
36081028400,36085000900,131.84
36081028500,36085000900,93.91
36081028700,36085000900,92.62
36081048900,36085000900,87.16
36081049200,36085000900,134.75
36081049301,36085000900,85.37
36081049302,36085000900,83.17
36081049500,36085000900,85.4
36081049600,36085000900,136.93
36081049700,36085000900,85.69
36081049900,36085000900,88.19
36081050000,36085000900,131.5
36081050201,36085000900,132.02
36081050202,36085000900,134.06
36081050400,36085000900,131.84
36081050500,36085000900,90.93
36081050600,36085000900,134.6
36081050700,36085000900,88.51
36081050800,36085000900,136.14
36081051000,36085000900,136.62
36081051100,36085000900,82.09
36081051200,36085000900,137.35
36081051300,36085000900,84.7
36081028800,36085000900,131.26
36081028900,36085000900,91.92
36081029100,36085000900,90.79
36081029300,36085000900,90.04
36081029500,36085000900,91.11
36081029700,36085000900,90.87
36081029900,36085000900,99.12
36081030902,36085000900,93.33
36081031700,36085000900,100.55
36081032000,36085000900,136.04
36081032700,36085000900,97.84
36081032800,36085000900,138.4
36081032900,36085000900,100.51
36081033000,36085000900,136.8
36081033100,36085000900,113.36
36081033401,36085000900,136.11
36081033402,36085000900,137.3
36081033700,36085000900,98.71
36081033900,36085000900,99.12
36081051500,36085000900,83.48
36081051600,36085000900,139.32
36081051700,36085000900,79.91
36081051800,36085000900,137.48
36081052000,36085000900,137.42
36081052100,36085000900,80.35
36081052200,36085000900,137.02
36081052400,36085000900,133.84
36081052500,36085000900,79.51
36081052600,36085000900,135.2
36081052800,36085000900,136.98
36081053000,36085000900,138.94
36081053200,36085000900,140.86
36081053401,36085000900,140.91
36081053500,36085000900,75.28
36081053601,36085000900,138.83
36081053800,36085000900,140.54
36081053900,36085000900,74.7
36081054000,36085000900,139.79
36081054200,36085000900,139.68
36081054500,36085000900,76.17
36081054700,36085000900,77.96
36081034700,36085000900,103.94
36081035100,36085000900,99.96
36081035200,36085000900,138.84
36081035300,36085000900,101.26
36081035800,36085000900,141.01
36081036100,36085000900,102.58
36081036300,36085000900,102.7
36081036500,36085000900,103.98
36081036600,36085000900,136.85
36081036700,36085000900,104.93
36119002900,36085000900,154.83
36119003000,36085000900,155.5
36119003100,36085000900,157.39
36119003200,36085000900,159.2
36119001505,36085000900,153.17
36119001600,36085000900,168.0
36119001700,36085000900,168.47
36119003300,36085000900,160.49
36119003400,36085000900,162.6
36119003500,36085000900,154.63
36119003600,36085000900,157.3
36119003700,36085000900,157.43
36119003800,36085000900,162.6
36119003900,36085000900,162.82
36119004000,36085000900,159.93
36119004100,36085000900,162.97
36081093401,36085000900,126.44
36081011200,36085000900,106.88
36081011300,36085000900,98.3
36081011400,36085000900,106.51
36081011500,36085000900,95.98
36081011600,36085000900,107.42
36081011700,36085000900,96.79
36081011800,36085000900,108.1
36081011900,36085000900,96.82
36081012000,36085000900,110.76
36081012100,36085000900,96.34
36081012200,36085000900,107.13
36081012301,36085000900,97.48
36081012400,36085000900,106.97
36081012601,36085000900,106.46
36081012602,36085000900,105.16
36081012800,36085000900,104.2
36081013000,36085000900,104.32
36081013200,36085000900,105.21
36081013400,36085000900,107.38
36081013500,36085000900,98.21
36081013600,36085000900,107.92
36081013700,36085000900,95.03
36081013800,36085000900,109.64
36081014000,36085000900,106.41
36081014100,36085000900,94.45
36081089200,36085000900,113.29
36081090700,36085000900,122.45
36081091601,36085000900,141.51
36081091800,36085000900,135.59
36081091900,36085000900,122.17
36081092200,36085000900,131.74
36081092500,36085000900,124.83
36081092800,36085000900,130.32
36081092900,36085000900,128.03
36081093900,36085000900,129.0
36081094500,36085000900,129.52
36081094700,36085000900,127.96
36081038301,36085000900,114.9
36081099703,36085000900,138.98
36081099704,36085000900,138.25
36081099705,36085000900,142.03
36081129103,36085000900,137.97
36081129104,36085000900,140.44
36081014201,36085000900,108.65
36081014202,36085000900,110.36
36081014300,36085000900,94.79
36081014400,36085000900,107.16
36081014500,36085000900,94.04
36081014700,36085000900,91.22
36081014800,36085000900,112.02
36081014900,36085000900,91.19
36081015000,36085000900,112.38
36081015100,36085000900,91.19
36081015200,36085000900,114.9
36081015300,36085000900,89.42
36081015400,36085000900,113.32
36081015500,36085000900,90.64
36081015600,36085000900,114.49
36081015700,36085000900,88.65
36081015900,36085000900,87.79
36081016100,36085000900,89.51
36081016300,36085000900,91.33
36081016400,36085000900,116.11
36081016600,36085000900,113.87
36081016800,36085000900,114.73
36081016900,36085000900,84.07
36081017000,36085000900,117.33
36081097300,36085000900,132.06
36081098100,36085000900,133.1
36081047000,36085000900,127.55
36081047100,36085000900,92.89
36081047200,36085000900,126.84
36081047300,36085000900,92.02
36081047500,36085000900,90.81
36081047600,36085000900,130.09
36081047800,36085000900,131.96
36081047900,36085000900,90.84
36081048000,36085000900,129.24
36081048100,36085000900,91.7
36081048200,36085000900,130.42
36081048300,36085000900,89.36
36119001800,36085000900,173.82
36081074100,36085000900,104.58
36081074300,36085000900,103.5
36081074500,36085000900,101.69
36081074700,36085000900,104.42
36081076902,36085000900,107.63
36081077300,36085000900,106.69
36081088901,36085000900,119.66
36081062100,36085000900,90.44
36081077500,36085000900,106.93
36081077902,36085000900,114.8
36081077903,36085000900,111.51
36081077904,36085000900,114.81
36081077905,36085000900,117.68
36081078800,36085000900,125.33
36081079000,36085000900,122.85
36081079200,36085000900,124.23
36081079300,36085000900,112.45
36081079900,36085000900,110.79
36081080301,36085000900,111.28
36081044400,36085000900,122.61
36081053100,36085000900,78.42
36081058200,36085000900,142.29
36081108500,36085000900,132.23
36081109300,36085000900,135.4
36081141700,36085000900,124.82
36081006201,36085000900,108.78
36081006202,36085000900,106.57
36081006501,36085000900,93.96
36081006502,36085000900,94.06
36081015801,36085000900,117.21
36081015802,36085000900,114.4
36081018101,36085000900,82.11
36081018102,36085000900,81.2
36081018501,36085000900,77.97
36081018502,36085000900,78.84
36081025301,36085000900,82.91
36081025302,36085000900,83.94
36081026902,36085000900,93.47
36081030903,36085000900,95.53
36081030904,36085000900,98.73
36081008600,36085000900,106.69
36081008700,36085000900,95.37
36081008800,36085000900,108.06
36081009100,36085000900,95.62
36081009400,36085000900,108.61
36081009500,36085000900,94.78
36081009600,36085000900,109.92
36081009700,36085000900,96.68
36081009800,36085000900,109.9
36081009900,36085000900,99.0
36081010000,36085000900,111.0
36081010100,36085000900,97.78
36081010200,36085000900,113.8
36081010300,36085000900,97.94
36081010400,36085000900,112.1
36081010500,36085000900,99.97
36081010600,36085000900,113.06
36081010701,36085000900,103.34
36081010800,36085000900,110.02
36081011000,36085000900,108.56
36081011100,36085000900,99.91
36081080302,36085000900,113.38
36081080900,36085000900,115.99
36081081400,36085000900,120.89
36081081800,36085000900,119.47
36081083700,36085000900,113.64
36081083800,36085000900,117.04
36081084000,36085000900,115.42
36081084500,36085000900,117.04
36081084601,36085000900,118.1
36081084602,36085000900,122.88
36081085300,36085000900,114.39
36081085500,36085000900,116.13
36081085700,36085000900,115.57
36081085900,36085000900,117.1
36081086100,36085000900,117.55
36081086300,36085000900,118.46
36081086400,36085000900,109.3
36081086500,36085000900,115.48
36081087100,36085000900,113.11
36081088400,36085000900,115.59
36081038302,36085000900,108.79
36081043701,36085000900,101.51
36081043702,36085000900,99.52
36081044301,36085000900,97.66
36081044302,36085000900,95.89
36081061302,36085000900,84.43
36081071303,36085000900,104.06
36081071304,36085000900,101.08
36081071305,36085000900,100.56
36081071306,36085000900,98.82
36081071701,36085000900,99.33
36081071702,36085000900,100.01
36081075701,36085000900,110.06
36081075702,36085000900,106.81
36081077906,36085000900,117.39
36081077907,36085000900,114.94
36081077908,36085000900,116.54
36081079701,36085000900,114.43
36119001900,36085000900,178.27
36119002000,36085000900,178.45
36119004200,36085000900,164.86
36119004300,36085000900,168.72
36119004400,36085000900,167.47
36119004500,36085000900,163.4
36119005300,36085000900,169.01
36059409900,36085000900,157.1
36059409800,36085000900,154.16
36119005701,36085000900,167.55
36119005702,36085000900,172.38
36119005800,36085000900,170.67
36119005901,36085000900,175.98
36119005902,36085000900,177.41
36119006000,36085000900,175.99
36119006100,36085000900,170.13
36119006200,36085000900,171.39
36119006300,36085000900,174.03
36119006400,36085000900,175.5
36119006500,36085000900,181.84
36119006600,36085000900,176.97
36059405000,36085000900,155.72
36059404902,36085000900,152.3
36059404901,36085000900,151.05
36059404800,36085000900,155.87
36059404700,36085000900,161.51
36059404600,36085000900,158.0
36059404500,36085000900,157.15
36059404400,36085000900,155.48
36059404300,36085000900,148.57
36059303101,36085000900,167.4
36059303000,36085000900,162.09
36059302900,36085000900,166.92
36119005200,36085000900,175.66
36119004600,36085000900,167.88
36119004700,36085000900,169.3
36119005400,36085000900,165.72
36119005500,36085000900,161.54
36081068000,36085000900,141.34
36081068200,36085000900,139.75
36081068300,36085000900,94.34
36081068700,36085000900,93.56
36081069000,36085000900,140.13
36081069300,36085000900,96.95
36081069400,36085000900,142.95
36081069500,36085000900,93.27
36081069701,36085000900,98.09
36081069702,36085000900,94.79
36081070300,36085000900,96.37
36081070700,36085000900,97.9
36081070900,36085000900,98.77
36081071100,36085000900,98.82
36081071600,36085000900,135.09
36081071900,36085000900,101.6
36081072100,36085000900,102.2
36081072900,36085000900,99.24
36081073100,36085000900,101.0
36081019400,36085000900,121.34
36081019900,36085000900,75.91
36081020500,36085000900,79.23
36081026901,36085000900,94.29
36081042400,36085000900,132.07
36081062200,36085000900,147.78
36081067100,36085000900,88.32
36081074900,36085000900,103.97
36081079702,36085000900,112.88
36081127700,36085000900,126.03
36081990100,36085000900,131.16
36081025400,36085000900,121.92
36081030600,36085000900,132.29
36081035700,36085000900,106.93
36081073700,36085000900,103.36
36081073900,36085000900,105.86
36081060000,36085000900,145.49
36081060100,36085000900,79.41
36081060300,36085000900,80.42
36081060600,36085000900,145.62
36081060701,36085000900,86.98
36081060800,36085000900,143.82
36081061000,36085000900,143.39
36081044602,36085000900,118.71
36081044800,36085000900,118.77
36081045000,36085000900,117.7
36081045200,36085000900,120.82
36081045400,36085000900,121.46
36081045500,36085000900,96.55
36081066400,36085000900,147.73
36081045700,36085000900,93.78
36081045800,36085000900,123.38
36081045900,36085000900,95.1
36081046000,36085000900,119.77
36081046100,36085000900,95.4
36081046200,36085000900,123.72
36081046300,36085000900,96.05
36081046400,36085000900,123.58
36081046500,36085000900,97.91
36081046600,36085000900,123.67
36081046700,36085000900,97.32
36081046800,36085000900,125.73
36081061200,36085000900,146.01
36081061400,36085000900,148.11
36081061601,36085000900,149.65
36081061800,36085000900,146.56
36005006500,36085000900,99.79
36005018900,36085000900,108.61
36005004300,36085000900,100.42
36081061900,36085000900,88.39
36081005000,36085000900,102.05
36081005100,36085000900,85.43
36081005200,36085000900,101.1
36081005300,36085000900,87.45
36081005400,36085000900,102.99
36081005500,36085000900,87.7
36081005700,36085000900,88.29
36081005800,36085000900,103.99
36081005900,36085000900,90.77
36081006100,36085000900,90.13
36081006300,36085000900,93.45
36081006900,36085000900,92.61
36081007100,36085000900,92.27
36081007300,36085000900,90.29
36081007500,36085000900,90.1
36081007700,36085000900,90.99
36081007900,36085000900,92.64
36081008100,36085000900,93.03
36081008300,36085000900,94.67
36081063700,36085000900,96.32
36081063900,36085000900,97.57
36081064101,36085000900,101.06
36081145101,36085000900,129.01
36081145102,36085000900,131.3
36081145900,36085000900,127.0
36081146300,36085000900,131.79
36081146700,36085000900,135.31
36081147100,36085000900,137.49
36081147900,36085000900,147.83
36081148300,36085000900,150.47
36081150701,36085000900,147.09
36081150702,36085000900,150.25
36081152901,36085000900,143.09
36081152902,36085000900,149.35
36081156700,36085000900,147.26
36081157101,36085000900,150.5
36081157102,36085000900,147.97
36081157901,36085000900,155.12
36081157902,36085000900,153.06
36081064102,36085000900,100.22
36081064500,36085000900,99.96
36081064600,36085000900,144.34
36081065000,36085000900,142.72
36081065501,36085000900,90.74
36081065702,36085000900,85.69
36081065900,36085000900,88.04
36081066100,36085000900,87.73
36081066300,36085000900,89.49
36081126700,36085000900,120.33
36081066501,36085000900,84.44
36081066701,36085000900,84.53
36081066900,36085000900,86.68
36081067700,36085000900,91.17
36081067900,36085000900,92.5
36081157903,36085000900,155.31
36081161700,36085000900,151.56
36081162100,36085000900,146.04
36081076901,36085000900,106.55
36081107202,36085000900,136.01
36081012500,36085000900,94.62
36081029400,36085000900,129.94
36081061301,36085000900,82.33
36081065703,36085000900,89.47
36081072300,36085000900,100.5
36081084900,36085000900,112.99
36081086900,36085000900,115.67
36081003300,36085000900,84.7
36081008500,36085000900,87.16
36005015100,36085000900,111.84
36005037600,36085000900,136.11
36005024800,36085000900,132.89
36005023301,36085000900,116.94
36005019400,36085000900,134.3
36005045600,36085000900,153.8
36005005001,36085000900,116.47
36005005002,36085000900,118.41
36005005300,36085000900,119.1
36005023000,36085000900,127.45
36005013200,36085000900,140.56
36005007900,36085000900,105.69
36005008900,36085000900,109.28
36005021601,36085000900,125.26
36005003800,36085000900,123.95
36005025000,36085000900,131.24
36005028900,36085000900,131.72
36005025300,36085000900,122.0
36005017300,36085000900,105.08
36081062000,36085000900,146.84
36081062300,36085000900,89.59
36081062400,36085000900,144.78
36081062500,36085000900,87.61
36081062600,36085000900,142.71
36081062700,36085000900,86.24
36081024900,36085000900,86.34
36081025100,36085000900,83.71
36081025500,36085000900,86.23
36081025700,36085000900,87.73
36081025800,36085000900,125.5
36081025900,36085000900,88.07
36081026000,36085000900,123.62
36081026100,36085000900,87.77
36081026200,36085000900,125.51
36081026300,36085000900,88.8
36081045600,36085000900,121.7
36081000200,36085000900,96.09
36081000700,36085000900,77.33
36081000600,36085000900,98.23
36081000100,36085000900,77.96
36081000400,36085000900,96.2
36081000800,36085000900,99.9
36081001000,36085000900,98.12
36081001200,36085000900,98.61
36081001400,36085000900,100.04
36081001600,36085000900,100.64
36081001800,36085000900,101.71
36081119500,36085000900,123.98
36081119900,36085000900,120.77
36081120100,36085000900,119.62
36081120300,36085000900,118.78
36081120500,36085000900,117.44
36081120700,36085000900,122.65
36081121100,36085000900,123.84
36081121500,36085000900,117.13
36081122300,36085000900,121.33
36081122701,36085000900,122.33
36081122702,36085000900,118.45
36081124100,36085000900,120.36
36081124700,36085000900,122.52
36081125700,36085000900,117.97
36081126500,36085000900,118.71
36081155101,36085000900,155.51
36081128300,36085000900,134.56
36081129102,36085000900,137.55
36081001900,36085000900,79.29
36081002000,36085000900,101.92
36081002200,36085000900,101.57
36081002400,36085000900,101.77
36081002500,36085000900,83.49
36081002600,36085000900,103.25
36081002800,36085000900,104.07
36081003000,36085000900,103.5
36081003100,36085000900,84.7
36081003200,36085000900,104.13
36081003400,36085000900,99.55
36081003600,36085000900,100.22
36081003700,36085000900,89.31
36081003800,36085000900,103.8
36081003900,36085000900,88.63
36081004001,36085000900,104.7
36081004002,36085000900,105.19
36081004200,36085000900,99.92
36081004300,36085000900,88.94
36081004401,36085000900,100.01
36081004500,36085000900,88.83
36081004700,36085000900,86.35
36081130100,36085000900,142.53
36081133300,36085000900,128.96
36081133900,36085000900,124.4
36081134100,36085000900,124.45
36081134700,36085000900,129.01
36081136700,36085000900,135.93
36081137700,36085000900,139.9
36081138501,36085000900,138.71
36081138502,36085000900,140.96
36081139900,36085000900,134.54
36081140300,36085000900,132.1
36081140901,36085000900,129.89
36081140902,36085000900,127.83
36081142900,36085000900,129.06
36081143500,36085000900,134.1
36081144100,36085000900,136.48
36081144700,36085000900,134.98
36081062900,36085000900,88.06
36081063000,36085000900,145.13
36081063200,36085000900,145.22
36081063301,36085000900,91.28
36081063302,36085000900,92.23
36081063500,36085000900,93.77
36081098700,36085000900,134.24
36081099100,36085000900,134.96
36081046900,36085000900,95.73
36081017200,36085000900,117.42
36081017400,36085000900,117.48
36081017600,36085000900,117.56
36081017800,36085000900,118.16
36081017900,36085000900,81.56
36081018000,36085000900,119.52
36081018200,36085000900,122.11
36081018300,36085000900,82.06
36081018401,36085000900,124.87
36081018402,36085000900,124.36
36081018600,36085000900,123.27
36081018700,36085000900,78.47
36081018800,36085000900,124.11
36081018900,36085000900,79.4
36081019000,36085000900,123.98
36081019200,36085000900,122.42
36081019600,36085000900,122.86
36081019800,36085000900,119.6
36081020200,36085000900,120.84
36081020400,36085000900,119.2
36081020600,36085000900,117.05
36081099701,36085000900,133.54
36081099900,36085000900,141.34
36081101700,36085000900,132.45
36081102900,36085000900,129.95
36081155102,36085000900,156.15
36081103300,36085000900,127.19
36081103900,36085000900,127.24
36081104700,36085000900,123.38
36081105900,36085000900,126.23
36081107201,36085000900,132.0
36081109700,36085000900,133.09
36081109900,36085000900,130.09
36081020800,36085000900,116.97
36081021200,36085000900,113.67
36081021400,36085000900,113.35
36081021600,36085000900,111.81
36081021900,36085000900,76.62
36081022001,36085000900,113.73
36081022002,36085000900,114.78
36081022900,36085000900,83.62
36081023000,36085000900,117.3
36081023200,36085000900,116.37
36081023500,36085000900,80.16
36081023600,36085000900,115.51
36081023800,36085000900,115.24
36081024000,36085000900,116.89
36081024300,36085000900,85.39
36081024500,36085000900,83.64
36081024600,36085000900,119.93
36081024700,36085000900,86.55
36081111300,36085000900,136.74
36081112300,36085000900,134.93
36081112900,36085000900,133.01
36081113300,36085000900,130.57
36081113900,36085000900,127.06
36081114100,36085000900,127.63
36081114700,36085000900,125.96
36081115100,36085000900,123.26
36081115500,36085000900,121.97
36081115700,36085000900,120.64
36081115900,36085000900,120.22
36081116100,36085000900,117.96
36081116300,36085000900,118.7
36081116700,36085000900,120.25
36081117100,36085000900,121.95
36081117500,36085000900,125.88
36081118100,36085000900,129.14
36081118500,36085000900,123.39
36081118700,36085000900,120.42
36081118900,36085000900,119.94
36081119100,36085000900,121.54
36081119300,36085000900,125.23
36005011800,36085000900,144.59
36005006800,36085000900,120.34
36005039000,36085000900,142.09
36005025100,36085000900,120.26
36005039300,36085000900,124.01
36005005600,36085000900,119.33
36005016900,36085000900,112.92
36005044800,36085000900,151.8
36005046000,36085000900,148.33
36005042000,36085000900,145.37
36005036901,36085000900,118.22
36005028500,36085000900,135.79
36005035100,36085000900,139.89
36005039700,36085000900,126.19
36005022702,36085000900,113.34
36005041100,36085000900,131.04
36005041300,36085000900,131.3
36005039200,36085000900,141.79
36005040600,36085000900,145.32
36005044200,36085000900,152.72
36005040701,36085000900,128.3
36005027900,36085000900,134.1
36005040800,36085000900,144.02
36005026601,36085000900,134.31
36005044901,36085000900,145.1
36005038800,36085000900,142.67
36005040900,36085000900,132.17
36005046201,36085000900,151.9
36005007000,36085000900,121.55
36005028600,36085000900,131.65
36005005200,36085000900,116.23
36005031800,36085000900,138.25
36005023704,36085000900,120.49
36005043000,36085000900,148.48
36005050400,36085000900,159.22
36005042400,36085000900,147.6
36005040304,36085000900,126.02
36005020400,36085000900,130.78
36005017100,36085000900,114.44
36005004400,36085000900,122.11
36005023501,36085000900,118.37
36005002800,36085000900,118.09
36005002701,36085000900,99.41
36005002300,36085000900,96.47
36005037200,36085000900,138.17
36005015500,36085000900,115.46
36005036902,36085000900,117.48
36005024900,36085000900,121.52
36005043500,36085000900,142.0
36005003700,36085000900,104.8
36005004600,36085000900,119.78
36005016400,36085000900,135.46
36005025700,36085000900,122.79
36005026100,36085000900,127.49
36005012901,36085000900,109.54
36059412000,36085000900,172.74
36059416300,36085000900,171.63
36059413500,36085000900,194.9
36059413300,36085000900,190.23
36059412100,36085000900,175.35
36059412301,36085000900,179.97
36059413100,36085000900,188.84
36059413002,36085000900,184.03
36059407201,36085000900,186.83
36059411500,36085000900,169.46
36059413200,36085000900,188.7
36059407000,36085000900,185.5
36059412600,36085000900,187.06
36059412400,36085000900,182.31
36059406201,36085000900,181.64
36059413001,36085000900,184.48
36059412302,36085000900,183.21
36059406900,36085000900,189.53
36059412700,36085000900,188.84
36081101002,36085000900,155.78
36005011900,36085000900,112.5
36005008400,36085000900,130.73
36005008700,36085000900,109.22
36005013500,36085000900,110.25
36005020601,36085000900,127.43
36005022401,36085000900,131.13
36005023100,36085000900,116.31
36005024700,36085000900,120.35
36005003900,36085000900,96.84
36005020200,36085000900,129.16
36005023302,36085000900,116.39
36005007100,36085000900,103.99
36005039100,36085000900,124.1
36005007500,36085000900,105.29
36005021302,36085000900,114.25
36005006900,36085000900,105.48
36005012101,36085000900,112.98
36005021900,36085000900,111.04
36005007300,36085000900,104.55
36005041900,36085000900,134.1
36005035800,36085000900,144.89
36005012701,36085000900,111.34
36005016000,36085000900,138.9
36005037300,36085000900,120.84
36005009200,36085000900,126.73
36005004800,36085000900,118.06
36005002500,36085000900,96.62
36005051600,36085000900,160.52
36005037900,36085000900,119.34
36005016600,36085000900,135.24
36005012500,36085000900,112.35
36005016500,36085000900,115.21
36005042500,36085000900,131.63
36005012300,36085000900,114.06
36005005400,36085000900,118.17
36005006200,36085000900,119.84
36005013100,36085000900,110.57
36005006400,36085000900,121.54
36005013000,36085000900,140.56
36005036300,36085000900,121.01
36005043100,36085000900,136.67
36005042902,36085000900,134.46
36005030000,36085000900,137.99
36005014100,36085000900,104.68
36005032300,36085000900,146.11
36005030100,36085000900,138.96
36005048400,36085000900,150.36
36005045101,36085000900,145.22
36005014900,36085000900,111.64
36005019700,36085000900,108.31
36005038600,36085000900,144.16
36005036400,36085000900,142.42
36005036700,36085000900,118.29
36005036501,36085000900,120.46
36005014400,36085000900,139.2
36005015700,36085000900,115.65
36005036100,36085000900,121.17
36005034500,36085000900,144.8
36005030200,36085000900,146.04
36005046202,36085000900,148.36
36005044902,36085000900,145.53
36005016700,36085000900,114.29
36005035900,36085000900,119.68
36005017500,36085000900,106.99
36005038000,36085000900,140.98
36005021602,36085000900,126.68
36005026400,36085000900,134.59
36005022300,36085000900,111.95
36005021200,36085000900,125.48
36005026300,36085000900,125.41
36005039901,36085000900,127.02
36005014500,36085000900,109.17
36005018400,36085000900,135.94
36005019300,36085000900,110.04
36005025400,36085000900,131.02
36005016200,36085000900,137.16
36005002702,36085000900,99.56
36005022901,36085000900,114.88
36005025500,36085000900,122.58
36005038500,36085000900,121.8
36005032400,36085000900,136.29
36005019900,36085000900,111.03
36005000200,36085000900,128.08
36005020100,36085000900,113.15
36005029700,36085000900,137.47
36005028400,36085000900,135.99
36005004001,36085000900,125.9
36005029500,36085000900,135.38
36005035000,36085000900,141.08
36005024400,36085000900,128.88
36005008600,36085000900,127.92
36005024300,36085000900,119.09
36005036502,36085000900,119.26
36005028100,36085000900,136.74
36005022902,36085000900,113.51
36005007200,36085000900,123.6
36005024000,36085000900,123.66
36005037100,36085000900,120.96
36005038100,36085000900,119.66
36005034300,36085000900,146.77
36005000100,36085000900,179.9
36005034200,36085000900,138.5
36005011000,36085000900,139.86
36005033400,36085000900,132.7
36005024100,36085000900,118.59
36005038200,36085000900,142.32
36005009800,36085000900,127.21
36005004100,36085000900,98.3
36005039400,36085000900,142.28
36005021800,36085000900,123.76
36005036800,36085000900,141.12
36005022500,36085000900,111.27
36005041500,36085000900,131.07
36005003100,36085000900,103.87
36005003500,36085000900,103.55
36005008500,36085000900,107.74
36005012102,36085000900,113.19
36005021100,36085000900,111.48
36005023200,36085000900,128.02
36005022404,36085000900,129.42
36005000400,36085000900,128.34
36005026602,36085000900,136.36
36005002000,36085000900,123.8
36005003300,36085000900,100.48
36005014300,36085000900,107.08
36005022701,36085000900,114.52
36005038900,36085000900,124.64
36005013800,36085000900,143.82
36005002400,36085000900,119.64
36005007400,36085000900,128.91
36005040100,36085000900,125.42
36005001600,36085000900,126.22
36005016300,36085000900,117.04
36005008300,36085000900,106.25
36005023900,36085000900,120.54
36005039902,36085000900,124.16
36005034400,36085000900,138.3
36005023600,36085000900,124.76
36005026500,36085000900,124.31
36005024600,36085000900,130.62
36005039600,36085000900,143.36
36005028700,36085000900,133.5
36005021301,36085000900,113.65
36005042300,36085000900,137.01
36005021502,36085000900,115.09
36005005902,36085000900,104.0
36005025200,36085000900,128.99
36005040702,36085000900,130.37
36005042800,36085000900,150.29
36005042600,36085000900,150.28
36005030701,36085000900,138.56
36005038700,36085000900,123.43
36005045102,36085000900,147.06
36005041800,36085000900,147.41
36005028300,36085000900,131.75
36005033600,36085000900,136.48
36005025600,36085000900,131.43
36005042901,36085000900,133.75
36005029600,36085000900,135.68
36005035600,36085000900,144.0
36005031000,36085000900,141.87
36005006700,36085000900,102.51
36005027700,36085000900,131.62
36005028800,36085000900,133.36
36005033000,36085000900,133.18
36005031600,36085000900,138.96
36005027600,36085000900,145.2
36005040400,36085000900,145.95
36005041400,36085000900,149.75
36005033800,36085000900,136.95
36005031400,36085000900,140.06
36005031200,36085000900,140.53
36005026900,36085000900,128.34
36005022703,36085000900,113.74
36005037000,36085000900,139.64
36005015800,36085000900,138.02
36005027300,36085000900,132.23
36005037800,36085000900,138.69
36005032800,36085000900,134.19
36005034000,36085000900,136.57
36005045800,36085000900,148.71
36005043600,36085000900,149.93
36005042200,36085000900,147.03
36005031900,36085000900,152.3
36005037400,36085000900,137.63
36005039800,36085000900,144.22
36005042100,36085000900,133.66
36005007700,36085000900,106.56
36005006000,36085000900,120.96
36005013300,36085000900,108.66
36005022000,36085000900,122.15
36005015300,36085000900,113.99
36005022800,36085000900,130.66
36005019500,36085000900,106.79
36005007800,36085000900,125.02
36005006100,36085000900,103.53
36005021501,36085000900,115.86
36005023502,36085000900,118.95
36005011502,36085000900,112.29
36005016100,36085000900,117.78
36005015200,36085000900,135.92
36005014701,36085000900,111.41
36005014702,36085000900,112.59
36005017701,36085000900,109.36
36005017702,36085000900,109.83
36005017901,36085000900,108.58
36005017902,36085000900,110.81
36005018101,36085000900,107.0
36005018102,36085000900,107.69
36005018301,36085000900,106.75
36005018302,36085000900,105.45
36005020501,36085000900,115.59
36005020502,36085000900,116.98
36005021001,36085000900,128.76
36005021002,36085000900,127.69
36005022101,36085000900,110.3
36005022102,36085000900,110.75
36005022403,36085000900,131.97
36005023703,36085000900,122.16
36005024501,36085000900,119.26
36005024502,36085000900,118.81
36005026701,36085000900,127.37
36005026702,36085000900,128.44
36005027401,36085000900,138.26
36005027402,36085000900,140.59
36005029301,36085000900,138.73
36005029302,36085000900,137.68
36005030900,36085000900,143.13
36005033201,36085000900,132.56
36005033202,36085000900,134.49
36005038301,36085000900,121.84
36005038302,36085000900,121.68
36005040303,36085000900,127.8
36005040501,36085000900,127.59
36005040502,36085000900,127.16
36005020000,36085000900,130.82
36005021700,36085000900,116.23
36005023702,36085000900,122.91
36005032600,36085000900,137.05
36005033500,36085000900,138.18
36005033700,36085000900,146.54
36005034800,36085000900,139.88
36005036000,36085000900,142.28
36005039500,36085000900,118.06
36005040302,36085000900,126.85
36005043400,36085000900,147.96
36005044400,36085000900,151.51
36059303700,36085000900,185.19
36059303600,36085000900,179.59
36059303400,36085000900,183.19
36059411200,36085000900,165.56
36059410200,36085000900,172.98
36059406600,36085000900,185.51
36059411400,36085000900,168.5
36059410600,36085000900,164.11
36081099802,36085000900,151.44
36081097204,36085000900,138.81
36081099801,36085000900,147.51
36081100802,36085000900,147.8
36081103201,36085000900,152.66
36081099200,36085000900,144.19
36081101001,36085000900,151.77
36081103202,36085000900,153.88
36081097202,36085000900,140.47
36059407101,36085000900,189.46
36059407501,36085000900,194.49
36059412800,36085000900,192.8
36059407102,36085000900,190.41
36059412900,36085000900,196.71
36059412500,36085000900,182.9
36059416401,36085000900,180.31
36059407203,36085000900,189.15
36059990400,36085000900,223.62
36059406701,36085000900,180.35
36059406802,36085000900,187.43
36059406801,36085000900,185.82
36059412200,36085000900,178.33
36059416201,36085000900,201.05
36059413600,36085000900,195.05
36005001900,36085000900,97.38
36005004200,36085000900,121.88
36005005100,36085000900,98.9
36005006300,36085000900,104.2
36005007600,36085000900,121.86
36005009000,36085000900,130.49
36005009300,36085000900,112.24
36005009600,36085000900,129.43
36005011700,36085000900,113.04
36005015900,36085000900,110.88
36005018500,36085000900,108.16
36005020900,36085000900,112.76
36005022200,36085000900,125.21
36005023800,36085000900,126.67
36005037504,36085000900,119.88
36059302400,36085000900,181.48
36059302300,36085000900,185.13
36059302200,36085000900,181.04
36059410900,36085000900,156.84
36059410300,36085000900,155.7
36059406300,36085000900,164.68
36059410400,36085000900,151.74
36059405301,36085000900,163.15
36059405200,36085000900,161.29
36059405100,36085000900,157.66
36059303202,36085000900,169.49
36059303201,36085000900,173.22
36059303102,36085000900,174.08
36081091602,36085000900,131.35
36081093800,36085000900,123.76
36081093402,36085000900,125.08
36081061602,36085000900,150.01
36081063800,36085000900,146.72
36081065400,36085000900,146.9
36081065600,36085000900,148.42
36081066000,36085000900,148.13
36059302501,36085000900,187.32
36059411000,36085000900,158.37
36059411301,36085000900,157.26
36059410000,36085000900,167.33
36059406400,36085000900,173.11
36059405400,36085000900,165.17
36059405302,36085000900,167.54
36059406501,36085000900,182.03
36059410500,36085000900,160.36
36059303500,36085000900,176.43
36059303302,36085000900,179.9
36059303301,36085000900,178.9
36081095400,36085000900,132.88
36081094201,36085000900,124.61
36081094202,36085000900,129.17
36081094203,36085000900,133.49
36081097203,36085000900,139.64
36081100801,36085000900,151.63
36081096400,36085000900,134.53
36059411302,36085000900,165.83
36059411902,36085000900,168.55
36059411100,36085000900,157.09
36059980100,36085000900,176.55
36059406702,36085000900,181.96
36059411800,36085000900,168.53
36059411901,36085000900,173.51
36059411600,36085000900,160.99
36059410700,36085000900,163.66
36059410800,36085000900,159.0
36059410100,36085000900,169.55
36059406100,36085000900,176.31
36059406002,36085000900,177.21
36059411700,36085000900,166.11
36059406001,36085000900,174.33
36059405900,36085000900,174.95
36059405800,36085000900,171.74
36059405700,36085000900,168.03
36059405600,36085000900,170.0
36059405500,36085000900,168.1
36059406202,36085000900,178.61
36059416402,36085000900,185.02
36059413700,36085000900,195.56
36059414303,36085000900,200.69
36059416202,36085000900,200.99
36059413400,36085000900,196.47
36059413803,36085000900,199.16
36059416600,36085000900,189.58
36059416701,36085000900,196.89
36059414501,36085000900,205.81
36059416500,36085000900,191.85
36059414100,36085000900,201.54
36059414201,36085000900,201.55
36059413804,36085000900,204.28
36059414301,36085000900,200.8
36059416801,36085000900,201.34
36059416900,36085000900,213.38
36059416702,36085000900,196.8
36059416802,36085000900,199.6
36085024800,36085000900,93.75
36085024401,36085000900,93.94
36085024402,36085000900,96.78
