origin,destination,trips,date
17031051100,17031835500,80,2019-12-30
17031060100,17031835500,106,2019-12-30
17031062800,17031835500,92,2019-12-30
17031081100,17031835500,87,2019-12-30
17031081401,17031835500,118,2019-12-30
17031081700,17031835500,219,2019-12-30
17031210700,17031835500,80,2019-12-30
17031260300,17031835500,88,2019-12-30
17031271300,17031835500,125,2019-12-30
17031310700,17031835500,85,2019-12-30
17031320100,17031835500,82,2019-12-30
17031330100,17031835500,296,2019-12-30
17031340400,17031835500,102,2019-12-30
17031351400,17031835500,102,2019-12-30
17031381200,17031835500,88,2019-12-30
17031390100,17031835500,101,2019-12-30
17031450300,17031835500,121,2019-12-30
17031480400,17031835500,93,2019-12-30
17031570200,17031835500,204,2019-12-30
17031580800,17031835500,208,2019-12-30
17031590500,17031835500,121,2019-12-30
17031590700,17031835500,172,2019-12-30
17031610300,17031835500,308,2019-12-30
17031611200,17031835500,117,2019-12-30
17031611300,17031835500,91,2019-12-30
17031611400,17031835500,133,2019-12-30
17031611500,17031835500,356,2019-12-30
17031611800,17031835500,112,2019-12-30
17031620300,17031835500,91,2019-12-30
17031630800,17031835500,87,2019-12-30
17031813801,17031835500,112,2019-12-30
17031821401,17031835500,122,2019-12-30
17031821402,17031835500,98,2019-12-30
17031822102,17031835500,92,2019-12-30
17031823001,17031835500,97,2019-12-30
17031823002,17031835500,88,2019-12-30
17031823101,17031835500,98,2019-12-30
17031823302,17031835500,161,2019-12-30
17031824105,17031835500,177,2019-12-30
17031824123,17031835500,121,2019-12-30
17031825501,17031835500,92,2019-12-30
17031826201,17031835500,113,2019-12-30
17031827300,17031835500,121,2019-12-30
17031827400,17031835500,173,2019-12-30
17031828503,17031835500,101,2019-12-30
17031830500,17031835500,113,2019-12-30
17031833100,17031835500,118,2019-12-30
17031835500,17031835500,930,2019-12-30
17031835600,17031835500,103,2019-12-30
17031835800,17031835500,151,2019-12-30
17031835900,17031835500,174,2019-12-30
17031837300,17031835500,100,2019-12-30
17031839000,17031835500,90,2019-12-30
17031839900,17031835500,160,2019-12-30
17031840400,17031835500,203,2019-12-30
17031841900,17031835500,187,2019-12-30
17031842600,17031835500,558,2019-12-30
17031842800,17031835500,90,2019-12-30
17031843600,17031835500,199,2019-12-30
17031980000,17031835500,352,2019-12-30
17043845810,17031835500,103,2019-12-30
17197882802,17031835500,92,2019-12-30
18089020200,17031835500,112,2019-12-30
18089020300,17031835500,92,2019-12-30
18089021400,17031835500,132,2019-12-30
17031030800,17031835500,85,2020-01-06
17031031400,17031835500,104,2020-01-06
17031040700,17031835500,85,2020-01-06
17031060500,17031835500,91,2020-01-06
17031081100,17031835500,165,2020-01-06
17031081201,17031835500,78,2020-01-06
17031081300,17031835500,148,2020-01-06
17031081401,17031835500,103,2020-01-06
17031081600,17031835500,82,2020-01-06
17031140400,17031835500,67,2020-01-06
17031191000,17031835500,85,2020-01-06
17031241400,17031835500,117,2020-01-06
17031242200,17031835500,135,2020-01-06
17031243500,17031835500,79,2020-01-06
17031260200,17031835500,160,2020-01-06
17031271300,17031835500,124,2020-01-06
17031320400,17031835500,155,2020-01-06
17031320600,17031835500,195,2020-01-06
17031340400,17031835500,84,2020-01-06
17031340500,17031835500,169,2020-01-06
17031351000,17031835500,168,2020-01-06
17031380700,17031835500,82,2020-01-06
17031381200,17031835500,89,2020-01-06
17031381400,17031835500,94,2020-01-06
17031390300,17031835500,104,2020-01-06
17031411100,17031835500,80,2020-01-06
17031440101,17031835500,103,2020-01-06
17031440102,17031835500,248,2020-01-06
17031440202,17031835500,82,2020-01-06
17031490600,17031835500,95,2020-01-06
17031580800,17031835500,91,2020-01-06
17031600400,17031835500,87,2020-01-06
17031610300,17031835500,460,2020-01-06
17031611000,17031835500,80,2020-01-06
17031611300,17031835500,242,2020-01-06
17031611400,17031835500,126,2020-01-06
17031611500,17031835500,176,2020-01-06
17031611600,17031835500,102,2020-01-06
17031630100,17031835500,144,2020-01-06
17031630200,17031835500,109,2020-01-06
17031670800,17031835500,96,2020-01-06
17031671800,17031835500,91,2020-01-06
17031690400,17031835500,124,2020-01-06
17031691200,17031835500,86,2020-01-06
17031700401,17031835500,153,2020-01-06
17031750500,17031835500,363,2020-01-06
17031814200,17031835500,169,2020-01-06
17031821401,17031835500,75,2020-01-06
17031821600,17031835500,183,2020-01-06
17031823001,17031835500,75,2020-01-06
17031823602,17031835500,157,2020-01-06
17031823603,17031835500,83,2020-01-06
17031824116,17031835500,89,2020-01-06
17031824507,17031835500,67,2020-01-06
17031826201,17031835500,76,2020-01-06
17031826304,17031835500,90,2020-01-06
17031827100,17031835500,81,2020-01-06
17031827500,17031835500,122,2020-01-06
17031827801,17031835500,79,2020-01-06
17031827902,17031835500,103,2020-01-06
17031830700,17031835500,237,2020-01-06
17031832100,17031835500,70,2020-01-06
17031833000,17031835500,174,2020-01-06
17031834300,17031835500,82,2020-01-06
17031835500,17031835500,570,2020-01-06
17031835600,17031835500,192,2020-01-06
17031836200,17031835500,144,2020-01-06
17031838100,17031835500,81,2020-01-06
17031838200,17031835500,161,2020-01-06
17031839000,17031835500,239,2020-01-06
17031839900,17031835500,96,2020-01-06
17031840200,17031835500,159,2020-01-06
17031840300,17031835500,76,2020-01-06
17031841300,17031835500,76,2020-01-06
17031841900,17031835500,417,2020-01-06
17031842400,17031835500,237,2020-01-06
17031842600,17031835500,490,2020-01-06
17031842800,17031835500,93,2020-01-06
17031842900,17031835500,80,2020-01-06
17031843600,17031835500,72,2020-01-06
17031980000,17031835500,314,2020-01-06
17043840000,17031835500,163,2020-01-06
18089020200,17031835500,127,2020-01-06
18089021800,17031835500,76,2020-01-06
18089030300,17031835500,137,2020-01-06
18089030600,17031835500,174,2020-01-06
17031070700,17031835500,168,2020-01-13
17031071400,17031835500,106,2020-01-13
17031080202,17031835500,90,2020-01-13
17031081402,17031835500,109,2020-01-13
17031081800,17031835500,103,2020-01-13
17031190300,17031835500,141,2020-01-13
17031221400,17031835500,86,2020-01-13
17031241100,17031835500,127,2020-01-13
17031242100,17031835500,78,2020-01-13
17031271300,17031835500,150,2020-01-13
17031280100,17031835500,105,2020-01-13
17031281900,17031835500,136,2020-01-13
17031290900,17031835500,70,2020-01-13
17031301701,17031835500,94,2020-01-13
17031310700,17031835500,267,2020-01-13
17031310800,17031835500,85,2020-01-13
17031320100,17031835500,206,2020-01-13
17031320400,17031835500,490,2020-01-13
17031330100,17031835500,87,2020-01-13
17031351000,17031835500,102,2020-01-13
17031351100,17031835500,87,2020-01-13
17031381200,17031835500,109,2020-01-13
17031390100,17031835500,78,2020-01-13
17031390400,17031835500,87,2020-01-13
17031420400,17031835500,94,2020-01-13
17031430600,17031835500,94,2020-01-13
17031440201,17031835500,319,2020-01-13
17031491000,17031835500,104,2020-01-13
17031530600,17031835500,95,2020-01-13
17031580600,17031835500,112,2020-01-13
17031580800,17031835500,77,2020-01-13
17031590500,17031835500,77,2020-01-13
17031590700,17031835500,70,2020-01-13
17031610300,17031835500,693,2020-01-13
17031610400,17031835500,80,2020-01-13
17031610800,17031835500,122,2020-01-13
17031611000,17031835500,81,2020-01-13
17031611100,17031835500,82,2020-01-13
17031611500,17031835500,271,2020-01-13
17031630100,17031835500,141,2020-01-13
17031630800,17031835500,75,2020-01-13
17031660700,17031835500,155,2020-01-13
17031670900,17031835500,140,2020-01-13
17031680900,17031835500,88,2020-01-13
17031681000,17031835500,114,2020-01-13
17031691300,17031835500,85,2020-01-13
17031691400,17031835500,115,2020-01-13
17031700402,17031835500,113,2020-01-13
17031711100,17031835500,91,2020-01-13
17031730100,17031835500,93,2020-01-13
17031750500,17031835500,249,2020-01-13
17031812801,17031835500,101,2020-01-13
17031813000,17031835500,76,2020-01-13
17031814200,17031835500,76,2020-01-13
17031820901,17031835500,91,2020-01-13
17031821600,17031835500,183,2020-01-13
17031821900,17031835500,78,2020-01-13
17031826201,17031835500,246,2020-01-13
17031826304,17031835500,163,2020-01-13
17031826402,17031835500,83,2020-01-13
17031826901,17031835500,86,2020-01-13
17031827300,17031835500,113,2020-01-13
17031827901,17031835500,80,2020-01-13
17031828300,17031835500,120,2020-01-13
17031830008,17031835500,85,2020-01-13
17031830500,17031835500,149,2020-01-13
17031832500,17031835500,92,2020-01-13
17031833100,17031835500,102,2020-01-13
17031834000,17031835500,89,2020-01-13
17031834400,17031835500,103,2020-01-13
17031834600,17031835500,94,2020-01-13
17031835500,17031835500,648,2020-01-13
17031835600,17031835500,152,2020-01-13
17031836100,17031835500,87,2020-01-13
17031836200,17031835500,113,2020-01-13
17031836700,17031835500,83,2020-01-13
17031837400,17031835500,94,2020-01-13
17031838200,17031835500,240,2020-01-13
17031838700,17031835500,123,2020-01-13
17031839900,17031835500,124,2020-01-13
17031840200,17031835500,157,2020-01-13
17031840400,17031835500,424,2020-01-13
17031841000,17031835500,86,2020-01-13
17031841900,17031835500,339,2020-01-13
17031842200,17031835500,91,2020-01-13
17031842600,17031835500,151,2020-01-13
17031842800,17031835500,80,2020-01-13
17031843000,17031835500,119,2020-01-13
17031843600,17031835500,95,2020-01-13
17031980000,17031835500,127,2020-01-13
17031980100,17031835500,106,2020-01-13
17197880204,17031835500,80,2020-01-13
17197880415,17031835500,108,2020-01-13
17197880507,17031835500,176,2020-01-13
17197883810,17031835500,73,2020-01-13
18089021100,17031835500,155,2020-01-13
17031031501,17031835500,142,2020-01-20
17031050900,17031835500,212,2020-01-20
17031081000,17031835500,189,2020-01-20
17031081201,17031835500,95,2020-01-20
17031081300,17031835500,86,2020-01-20
17031081401,17031835500,73,2020-01-20
17031081403,17031835500,222,2020-01-20
17031081500,17031835500,79,2020-01-20
17031081600,17031835500,93,2020-01-20
17031081700,17031835500,80,2020-01-20
17031100300,17031835500,168,2020-01-20
17031190602,17031835500,86,2020-01-20
17031242400,17031835500,141,2020-01-20
17031252102,17031835500,85,2020-01-20
17031260100,17031835500,98,2020-01-20
17031260300,17031835500,104,2020-01-20
17031320100,17031835500,183,2020-01-20
17031330100,17031835500,91,2020-01-20
17031340500,17031835500,107,2020-01-20
17031400300,17031835500,143,2020-01-20
17031430500,17031835500,130,2020-01-20
17031440102,17031835500,90,2020-01-20
17031440202,17031835500,86,2020-01-20
17031490800,17031835500,94,2020-01-20
17031560700,17031835500,96,2020-01-20
17031580600,17031835500,118,2020-01-20
17031580800,17031835500,111,2020-01-20
17031590700,17031835500,117,2020-01-20
17031610300,17031835500,832,2020-01-20
17031610400,17031835500,80,2020-01-20
17031611000,17031835500,87,2020-01-20
17031611200,17031835500,179,2020-01-20
17031611300,17031835500,102,2020-01-20
17031611400,17031835500,135,2020-01-20
17031611500,17031835500,128,2020-01-20
17031611600,17031835500,112,2020-01-20
17031611700,17031835500,143,2020-01-20
17031620200,17031835500,86,2020-01-20
17031650200,17031835500,126,2020-01-20
17031660700,17031835500,251,2020-01-20
17031670500,17031835500,178,2020-01-20
17031681200,17031835500,119,2020-01-20
17031691300,17031835500,85,2020-01-20
17031700402,17031835500,160,2020-01-20
17031750500,17031835500,223,2020-01-20
17031770700,17031835500,82,2020-01-20
17031807300,17031835500,126,2020-01-20
17031812801,17031835500,84,2020-01-20
17031817500,17031835500,114,2020-01-20
17031820901,17031835500,192,2020-01-20
17031820902,17031835500,91,2020-01-20
17031821900,17031835500,92,2020-01-20
17031823001,17031835500,122,2020-01-20
17031826800,17031835500,85,2020-01-20
17031827000,17031835500,155,2020-01-20
17031827300,17031835500,268,2020-01-20
17031830700,17031835500,181,2020-01-20
17031832500,17031835500,84,2020-01-20
17031832600,17031835500,86,2020-01-20
17031834200,17031835500,116,2020-01-20
17031834400,17031835500,99,2020-01-20
17031835000,17031835500,86,2020-01-20
17031835500,17031835500,709,2020-01-20
17031835600,17031835500,243,2020-01-20
17031835800,17031835500,73,2020-01-20
17031836200,17031835500,189,2020-01-20
17031836300,17031835500,201,2020-01-20
17031836400,17031835500,111,2020-01-20
17031836500,17031835500,146,2020-01-20
17031837100,17031835500,141,2020-01-20
17031838100,17031835500,124,2020-01-20
17031838200,17031835500,217,2020-01-20
17031839800,17031835500,90,2020-01-20
17031840300,17031835500,80,2020-01-20
17031840400,17031835500,73,2020-01-20
17031841900,17031835500,92,2020-01-20
17031842000,17031835500,158,2020-01-20
17031842200,17031835500,105,2020-01-20
17031842400,17031835500,575,2020-01-20
17031842600,17031835500,310,2020-01-20
17031842900,17031835500,87,2020-01-20
17031843300,17031835500,155,2020-01-20
17031843800,17031835500,221,2020-01-20
17031843900,17031835500,84,2020-01-20
17197884101,17031835500,154,2020-01-20
18089020200,17031835500,374,2020-01-20
18089030300,17031835500,140,2020-01-20
18089030500,17031835500,93,2020-01-20
17031031502,17031835500,101,2020-01-27
17031062900,17031835500,139,2020-01-27
17031063000,17031835500,86,2020-01-27
17031071100,17031835500,106,2020-01-27
17031080300,17031835500,100,2020-01-27
17031081000,17031835500,118,2020-01-27
17031081100,17031835500,85,2020-01-27
17031081401,17031835500,144,2020-01-27
17031081403,17031835500,199,2020-01-27
17031081500,17031835500,112,2020-01-27
17031081600,17031835500,182,2020-01-27
17031081700,17031835500,228,2020-01-27
17031081800,17031835500,100,2020-01-27
17031100500,17031835500,107,2020-01-27
17031241500,17031835500,104,2020-01-27
17031241600,17031835500,118,2020-01-27
17031271200,17031835500,176,2020-01-27
17031310300,17031835500,107,2020-01-27
17031310700,17031835500,222,2020-01-27
17031320100,17031835500,88,2020-01-27
17031351100,17031835500,90,2020-01-27
17031351500,17031835500,120,2020-01-27
17031381200,17031835500,210,2020-01-27
17031390100,17031835500,224,2020-01-27
17031390200,17031835500,181,2020-01-27
17031390300,17031835500,81,2020-01-27
17031400500,17031835500,136,2020-01-27
17031410800,17031835500,113,2020-01-27
17031440300,17031835500,89,2020-01-27
17031490500,17031835500,93,2020-01-27
17031490901,17031835500,145,2020-01-27
17031500200,17031835500,109,2020-01-27
17031530300,17031835500,84,2020-01-27
17031570300,17031835500,94,2020-01-27
17031580200,17031835500,119,2020-01-27
17031580600,17031835500,121,2020-01-27
17031580800,17031835500,302,2020-01-27
17031590500,17031835500,97,2020-01-27
17031590700,17031835500,98,2020-01-27
17031600400,17031835500,101,2020-01-27
17031610300,17031835500,419,2020-01-27
17031610400,17031835500,108,2020-01-27
17031611200,17031835500,219,2020-01-27
17031611300,17031835500,315,2020-01-27
17031611400,17031835500,146,2020-01-27
17031611500,17031835500,104,2020-01-27
17031620300,17031835500,231,2020-01-27
17031620400,17031835500,169,2020-01-27
17031630300,17031835500,101,2020-01-27
17031650500,17031835500,122,2020-01-27
17031661100,17031835500,96,2020-01-27
17031681100,17031835500,123,2020-01-27
17031808100,17031835500,82,2020-01-27
17031813802,17031835500,107,2020-01-27
17031817900,17031835500,198,2020-01-27
17031820901,17031835500,88,2020-01-27
17031822900,17031835500,95,2020-01-27
17031825801,17031835500,90,2020-01-27
17031826600,17031835500,107,2020-01-27
17031827901,17031835500,92,2020-01-27
17031828000,17031835500,105,2020-01-27
17031832600,17031835500,81,2020-01-27
17031833000,17031835500,271,2020-01-27
17031833100,17031835500,226,2020-01-27
17031834300,17031835500,188,2020-01-27
17031834800,17031835500,98,2020-01-27
17031835100,17031835500,76,2020-01-27
17031835500,17031835500,2666,2020-01-27
17031835600,17031835500,450,2020-01-27
17031836200,17031835500,112,2020-01-27
17031836600,17031835500,100,2020-01-27
17031837000,17031835500,193,2020-01-27
17031837100,17031835500,168,2020-01-27
17031838100,17031835500,288,2020-01-27
17031838200,17031835500,510,2020-01-27
17031838700,17031835500,149,2020-01-27
17031839000,17031835500,111,2020-01-27
17031839100,17031835500,90,2020-01-27
17031839800,17031835500,597,2020-01-27
17031840300,17031835500,84,2020-01-27
17031840400,17031835500,269,2020-01-27
17031841100,17031835500,87,2020-01-27
17031841700,17031835500,84,2020-01-27
17031841900,17031835500,381,2020-01-27
17031842400,17031835500,189,2020-01-27
17031842600,17031835500,914,2020-01-27
17031842900,17031835500,90,2020-01-27
17031843000,17031835500,104,2020-01-27
17031843300,17031835500,148,2020-01-27
17031843600,17031835500,314,2020-01-27
17031843800,17031835500,152,2020-01-27
17031980000,17031835500,140,2020-01-27
17043844307,17031835500,87,2020-01-27
17043844501,17031835500,89,2020-01-27
17043844801,17031835500,87,2020-01-27
17197880120,17031835500,232,2020-01-27
17197883515,17031835500,91,2020-01-27
18089010304,17031835500,134,2020-01-27
18089020200,17031835500,133,2020-01-27
18089020900,17031835500,157,2020-01-27
18089021100,17031835500,83,2020-01-27
18089030700,17031835500,121,2020-01-27
18089040600,17031835500,89,2020-01-27
18089042503,17031835500,83,2020-01-27
17031010300,17031835500,105,2020-02-03
17031031300,17031835500,89,2020-02-03
17031031900,17031835500,72,2020-02-03
17031081100,17031835500,68,2020-02-03
17031081403,17031835500,64,2020-02-03
17031081500,17031835500,168,2020-02-03
17031081700,17031835500,297,2020-02-03
17031081800,17031835500,73,2020-02-03
17031210800,17031835500,69,2020-02-03
17031222700,17031835500,70,2020-02-03
17031241500,17031835500,58,2020-02-03
17031241600,17031835500,93,2020-02-03
17031242100,17031835500,78,2020-02-03
17031243400,17031835500,131,2020-02-03
17031281900,17031835500,77,2020-02-03
17031290900,17031835500,70,2020-02-03
17031300800,17031835500,91,2020-02-03
17031310800,17031835500,60,2020-02-03
17031310900,17031835500,73,2020-02-03
17031320100,17031835500,63,2020-02-03
17031320600,17031835500,82,2020-02-03
17031350100,17031835500,78,2020-02-03
17031351000,17031835500,85,2020-02-03
17031380100,17031835500,70,2020-02-03
17031381200,17031835500,163,2020-02-03
17031381700,17031835500,106,2020-02-03
17031390100,17031835500,134,2020-02-03
17031400300,17031835500,96,2020-02-03
17031400400,17031835500,82,2020-02-03
17031410600,17031835500,107,2020-02-03
17031411000,17031835500,159,2020-02-03
17031430200,17031835500,72,2020-02-03
17031450300,17031835500,88,2020-02-03
17031500100,17031835500,124,2020-02-03
17031510300,17031835500,83,2020-02-03
17031560200,17031835500,76,2020-02-03
17031560800,17031835500,78,2020-02-03
17031590500,17031835500,70,2020-02-03
17031590700,17031835500,97,2020-02-03
17031610300,17031835500,902,2020-02-03
17031610800,17031835500,160,2020-02-03
17031611000,17031835500,151,2020-02-03
17031611200,17031835500,156,2020-02-03
17031611300,17031835500,71,2020-02-03
17031611500,17031835500,104,2020-02-03
17031611900,17031835500,70,2020-02-03
17031670900,17031835500,133,2020-02-03
17031671500,17031835500,137,2020-02-03
17031710200,17031835500,80,2020-02-03
17031730201,17031835500,100,2020-02-03
17031750500,17031835500,72,2020-02-03
17031802505,17031835500,87,2020-02-03
17031811402,17031835500,66,2020-02-03
17031813702,17031835500,83,2020-02-03
17031814200,17031835500,211,2020-02-03
17031814500,17031835500,113,2020-02-03
17031817101,17031835500,76,2020-02-03
17031817900,17031835500,146,2020-02-03
17031823904,17031835500,141,2020-02-03
17031826402,17031835500,172,2020-02-03
17031827300,17031835500,56,2020-02-03
17031828503,17031835500,65,2020-02-03
17031830500,17031835500,86,2020-02-03
17031830900,17031835500,165,2020-02-03
17031831800,17031835500,137,2020-02-03
17031833000,17031835500,153,2020-02-03
17031833100,17031835500,205,2020-02-03
17031834400,17031835500,75,2020-02-03
17031834700,17031835500,69,2020-02-03
17031835200,17031835500,62,2020-02-03
17031835500,17031835500,460,2020-02-03
17031836500,17031835500,128,2020-02-03
17031839000,17031835500,198,2020-02-03
17031839100,17031835500,649,2020-02-03
17031839800,17031835500,62,2020-02-03
17031839900,17031835500,226,2020-02-03
17031840200,17031835500,136,2020-02-03
17031840400,17031835500,348,2020-02-03
17031841000,17031835500,108,2020-02-03
17031841100,17031835500,129,2020-02-03
17031841800,17031835500,162,2020-02-03
17031841900,17031835500,159,2020-02-03
17031842400,17031835500,460,2020-02-03
17031842600,17031835500,843,2020-02-03
17031842900,17031835500,76,2020-02-03
17031980000,17031835500,131,2020-02-03
17197882802,17031835500,67,2020-02-03
17197883514,17031835500,73,2020-02-03
18089020200,17031835500,80,2020-02-03
18089021900,17031835500,73,2020-02-03
18089030300,17031835500,105,2020-02-03
17031031501,17031835500,96,2020-02-10
17031062100,17031835500,60,2020-02-10
17031062600,17031835500,80,2020-02-10
17031063100,17031835500,68,2020-02-10
17031080300,17031835500,157,2020-02-10
17031081000,17031835500,77,2020-02-10
17031081300,17031835500,189,2020-02-10
17031081403,17031835500,169,2020-02-10
17031081500,17031835500,97,2020-02-10
17031081800,17031835500,80,2020-02-10
17031160602,17031835500,67,2020-02-10
17031191302,17031835500,69,2020-02-10
17031210100,17031835500,145,2020-02-10
17031231200,17031835500,69,2020-02-10
17031243500,17031835500,57,2020-02-10
17031250700,17031835500,134,2020-02-10
17031251300,17031835500,92,2020-02-10
17031280100,17031835500,181,2020-02-10
17031281900,17031835500,78,2020-02-10
17031310500,17031835500,76,2020-02-10
17031310700,17031835500,82,2020-02-10
17031310800,17031835500,57,2020-02-10
17031320100,17031835500,229,2020-02-10
17031320400,17031835500,165,2020-02-10
17031320600,17031835500,72,2020-02-10
17031351000,17031835500,165,2020-02-10
17031351400,17031835500,88,2020-02-10
17031381200,17031835500,132,2020-02-10
17031390100,17031835500,136,2020-02-10
17031400300,17031835500,100,2020-02-10
17031410800,17031835500,145,2020-02-10
17031440102,17031835500,84,2020-02-10
17031440202,17031835500,68,2020-02-10
17031440600,17031835500,65,2020-02-10
17031500100,17031835500,122,2020-02-10
17031580100,17031835500,67,2020-02-10
17031580600,17031835500,84,2020-02-10
17031600400,17031835500,149,2020-02-10
17031610300,17031835500,219,2020-02-10
17031610400,17031835500,141,2020-02-10
17031610800,17031835500,166,2020-02-10
17031611000,17031835500,66,2020-02-10
17031611200,17031835500,92,2020-02-10
17031611500,17031835500,57,2020-02-10
17031620400,17031835500,82,2020-02-10
17031630500,17031835500,73,2020-02-10
17031650500,17031835500,63,2020-02-10
17031660600,17031835500,75,2020-02-10
17031661000,17031835500,75,2020-02-10
17031710800,17031835500,176,2020-02-10
17031720100,17031835500,63,2020-02-10
17031730100,17031835500,77,2020-02-10
17031740200,17031835500,66,2020-02-10
17031802505,17031835500,123,2020-02-10
17031808100,17031835500,62,2020-02-10
17031812801,17031835500,69,2020-02-10
17031814200,17031835500,65,2020-02-10
17031823904,17031835500,105,2020-02-10
17031828000,17031835500,77,2020-02-10
17031830500,17031835500,88,2020-02-10
17031830700,17031835500,71,2020-02-10
17031832000,17031835500,86,2020-02-10
17031832100,17031835500,69,2020-02-10
17031832300,17031835500,85,2020-02-10
17031833000,17031835500,140,2020-02-10
17031834200,17031835500,123,2020-02-10
17031835500,17031835500,946,2020-02-10
17031835600,17031835500,115,2020-02-10
17031835900,17031835500,97,2020-02-10
17031836000,17031835500,93,2020-02-10
17031836200,17031835500,215,2020-02-10
17031837000,17031835500,108,2020-02-10
17031837800,17031835500,57,2020-02-10
17031838200,17031835500,225,2020-02-10
17031839100,17031835500,161,2020-02-10
17031839700,17031835500,80,2020-02-10
17031839900,17031835500,68,2020-02-10
17031840400,17031835500,160,2020-02-10
17031841000,17031835500,122,2020-02-10
17031841900,17031835500,68,2020-02-10
17031842000,17031835500,61,2020-02-10
17031842200,17031835500,78,2020-02-10
17031842300,17031835500,59,2020-02-10
17031842400,17031835500,145,2020-02-10
17031842600,17031835500,321,2020-02-10
17031842900,17031835500,135,2020-02-10
17031843100,17031835500,70,2020-02-10
17031843300,17031835500,123,2020-02-10
17031843600,17031835500,138,2020-02-10
17031980000,17031835500,87,2020-02-10
17043840908,17031835500,62,2020-02-10
17043844501,17031835500,70,2020-02-10
17197883514,17031835500,64,2020-02-10
18089020200,17031835500,71,2020-02-10
18089020300,17031835500,61,2020-02-10
18089030500,17031835500,127,2020-02-10
18089042703,17031835500,72,2020-02-10
17031031501,17031835500,90,2020-02-17
17031060500,17031835500,77,2020-02-17
17031063301,17031835500,77,2020-02-17
17031081300,17031835500,74,2020-02-17
17031081403,17031835500,305,2020-02-17
17031081500,17031835500,81,2020-02-17
17031081600,17031835500,87,2020-02-17
17031081800,17031835500,82,2020-02-17
17031241000,17031835500,97,2020-02-17
17031243400,17031835500,97,2020-02-17
17031251500,17031835500,93,2020-02-17
17031252102,17031835500,79,2020-02-17
17031252202,17031835500,99,2020-02-17
17031270500,17031835500,76,2020-02-17
17031271200,17031835500,195,2020-02-17
17031280100,17031835500,196,2020-02-17
17031292400,17031835500,132,2020-02-17
17031300800,17031835500,63,2020-02-17
17031310700,17031835500,66,2020-02-17
17031351000,17031835500,96,2020-02-17
17031351100,17031835500,68,2020-02-17
17031380100,17031835500,115,2020-02-17
17031380700,17031835500,97,2020-02-17
17031381200,17031835500,146,2020-02-17
17031381500,17031835500,74,2020-02-17
17031381700,17031835500,120,2020-02-17
17031390100,17031835500,150,2020-02-17
17031400300,17031835500,109,2020-02-17
17031430200,17031835500,71,2020-02-17
17031430600,17031835500,168,2020-02-17
17031450300,17031835500,122,2020-02-17
17031480400,17031835500,69,2020-02-17
17031580100,17031835500,100,2020-02-17
17031580800,17031835500,78,2020-02-17
17031610300,17031835500,683,2020-02-17
17031610800,17031835500,119,2020-02-17
17031611000,17031835500,166,2020-02-17
17031611200,17031835500,210,2020-02-17
17031611400,17031835500,154,2020-02-17
17031611900,17031835500,152,2020-02-17
17031630800,17031835500,93,2020-02-17
17031660600,17031835500,78,2020-02-17
17031670700,17031835500,63,2020-02-17
17031680900,17031835500,158,2020-02-17
17031691000,17031835500,152,2020-02-17
17031730300,17031835500,91,2020-02-17
17031802701,17031835500,101,2020-02-17
17031806001,17031835500,81,2020-02-17
17031808002,17031835500,90,2020-02-17
17031813000,17031835500,69,2020-02-17
17031816300,17031835500,149,2020-02-17
17031817900,17031835500,289,2020-02-17
17031821600,17031835500,91,2020-02-17
17031824115,17031835500,86,2020-02-17
17031824300,17031835500,101,2020-02-17
17031826201,17031835500,70,2020-02-17
17031827700,17031835500,140,2020-02-17
17031830500,17031835500,90,2020-02-17
17031830700,17031835500,81,2020-02-17
17031830900,17031835500,90,2020-02-17
17031832500,17031835500,149,2020-02-17
17031833000,17031835500,114,2020-02-17
17031833100,17031835500,203,2020-02-17
17031834200,17031835500,79,2020-02-17
17031834400,17031835500,94,2020-02-17
17031834700,17031835500,89,2020-02-17
17031835500,17031835500,790,2020-02-17
17031835600,17031835500,73,2020-02-17
17031836100,17031835500,76,2020-02-17
17031837000,17031835500,98,2020-02-17
17031838200,17031835500,150,2020-02-17
17031838700,17031835500,268,2020-02-17
17031839000,17031835500,102,2020-02-17
17031839100,17031835500,80,2020-02-17
17031839200,17031835500,94,2020-02-17
17031839800,17031835500,75,2020-02-17
17031839900,17031835500,134,2020-02-17
17031840000,17031835500,120,2020-02-17
17031840200,17031835500,97,2020-02-17
17031840400,17031835500,515,2020-02-17
17031841000,17031835500,135,2020-02-17
17031841800,17031835500,111,2020-02-17
17031841900,17031835500,140,2020-02-17
17031842300,17031835500,84,2020-02-17
17031842400,17031835500,240,2020-02-17
17031842500,17031835500,70,2020-02-17
17031842600,17031835500,644,2020-02-17
17031842900,17031835500,261,2020-02-17
17031843600,17031835500,76,2020-02-17
17031980100,17031835500,75,2020-02-17
17197880602,17031835500,117,2020-02-17
18089043403,17031835500,146,2020-02-17
17031031502,17031835500,70,2020-02-24
17031081100,17031835500,67,2020-02-24
17031081401,17031835500,69,2020-02-24
17031081402,17031835500,151,2020-02-24
17031081500,17031835500,212,2020-02-24
17031191000,17031835500,93,2020-02-24
17031231200,17031835500,106,2020-02-24
17031250800,17031835500,82,2020-02-24
17031270500,17031835500,69,2020-02-24
17031283100,17031835500,92,2020-02-24
17031301200,17031835500,85,2020-02-24
17031310600,17031835500,69,2020-02-24
17031310900,17031835500,71,2020-02-24
17031320100,17031835500,451,2020-02-24
17031320400,17031835500,69,2020-02-24
17031320600,17031835500,74,2020-02-24
17031330100,17031835500,67,2020-02-24
17031350400,17031835500,138,2020-02-24
17031351000,17031835500,266,2020-02-24
17031380700,17031835500,88,2020-02-24
17031381200,17031835500,86,2020-02-24
17031381400,17031835500,65,2020-02-24
17031381800,17031835500,66,2020-02-24
17031381900,17031835500,193,2020-02-24
17031390100,17031835500,73,2020-02-24
17031390200,17031835500,129,2020-02-24
17031400300,17031835500,105,2020-02-24
17031410800,17031835500,74,2020-02-24
17031490300,17031835500,70,2020-02-24
17031490902,17031835500,71,2020-02-24
17031580100,17031835500,177,2020-02-24
17031580200,17031835500,82,2020-02-24
17031580600,17031835500,94,2020-02-24
17031580700,17031835500,75,2020-02-24
17031580800,17031835500,82,2020-02-24
17031590500,17031835500,82,2020-02-24
17031610300,17031835500,361,2020-02-24
17031610400,17031835500,82,2020-02-24
17031611300,17031835500,83,2020-02-24
17031611500,17031835500,167,2020-02-24
17031620200,17031835500,157,2020-02-24
17031630800,17031835500,168,2020-02-24
17031650500,17031835500,165,2020-02-24
17031670500,17031835500,144,2020-02-24
17031691000,17031835500,72,2020-02-24
17031770700,17031835500,80,2020-02-24
17031808002,17031835500,76,2020-02-24
17031810200,17031835500,108,2020-02-24
17031813302,17031835500,73,2020-02-24
17031816800,17031835500,70,2020-02-24
17031820901,17031835500,231,2020-02-24
17031821600,17031835500,80,2020-02-24
17031821800,17031835500,67,2020-02-24
17031821900,17031835500,69,2020-02-24
17031822102,17031835500,95,2020-02-24
17031824106,17031835500,64,2020-02-24
17031824115,17031835500,326,2020-02-24
17031824123,17031835500,78,2020-02-24
17031827400,17031835500,92,2020-02-24
17031830500,17031835500,110,2020-02-24
17031830700,17031835500,89,2020-02-24
17031833000,17031835500,174,2020-02-24
17031833100,17031835500,196,2020-02-24
17031834000,17031835500,72,2020-02-24
17031834200,17031835500,86,2020-02-24
17031835500,17031835500,873,2020-02-24
17031835600,17031835500,153,2020-02-24
17031835700,17031835500,99,2020-02-24
17031835800,17031835500,90,2020-02-24
17031836400,17031835500,70,2020-02-24
17031838200,17031835500,290,2020-02-24
17031839100,17031835500,100,2020-02-24
17031839200,17031835500,98,2020-02-24
17031839800,17031835500,173,2020-02-24
17031839900,17031835500,96,2020-02-24
17031840300,17031835500,70,2020-02-24
17031840400,17031835500,359,2020-02-24
17031842000,17031835500,113,2020-02-24
17031842300,17031835500,82,2020-02-24
17031842400,17031835500,76,2020-02-24
17031842600,17031835500,920,2020-02-24
17031842900,17031835500,139,2020-02-24
17031843300,17031835500,126,2020-02-24
17031843600,17031835500,155,2020-02-24
17031980000,17031835500,109,2020-02-24
17197883806,17031835500,107,2020-02-24
18089030900,17031835500,75,2020-02-24
18089040501,17031835500,71,2020-02-24
18089042703,17031835500,136,2020-02-24
17031031000,17031835500,71,2020-03-02
17031031800,17031835500,69,2020-03-02
17031032100,17031835500,89,2020-03-02
17031063000,17031835500,58,2020-03-02
17031070200,17031835500,53,2020-03-02
17031081401,17031835500,170,2020-03-02
17031081402,17031835500,65,2020-03-02
17031081403,17031835500,153,2020-03-02
17031081700,17031835500,138,2020-03-02
17031160800,17031835500,129,2020-03-02
17031200402,17031835500,123,2020-03-02
17031243400,17031835500,87,2020-03-02
17031271300,17031835500,64,2020-03-02
17031300900,17031835500,60,2020-03-02
17031301200,17031835500,72,2020-03-02
17031310600,17031835500,126,2020-03-02
17031320400,17031835500,63,2020-03-02
17031330100,17031835500,75,2020-03-02
17031351000,17031835500,146,2020-03-02
17031381400,17031835500,62,2020-03-02
17031381700,17031835500,82,2020-03-02
17031381900,17031835500,80,2020-03-02
17031400300,17031835500,91,2020-03-02
17031400800,17031835500,121,2020-03-02
17031420400,17031835500,90,2020-03-02
17031430400,17031835500,63,2020-03-02
17031440300,17031835500,131,2020-03-02
17031461000,17031835500,65,2020-03-02
17031490902,17031835500,62,2020-03-02
17031500100,17031835500,119,2020-03-02
17031580100,17031835500,57,2020-03-02
17031580200,17031835500,70,2020-03-02
17031580800,17031835500,258,2020-03-02
17031590500,17031835500,67,2020-03-02
17031590700,17031835500,76,2020-03-02
17031610300,17031835500,402,2020-03-02
17031610400,17031835500,82,2020-03-02
17031610800,17031835500,85,2020-03-02
17031611000,17031835500,82,2020-03-02
17031611300,17031835500,77,2020-03-02
17031611400,17031835500,117,2020-03-02
17031611500,17031835500,77,2020-03-02
17031611800,17031835500,98,2020-03-02
17031611900,17031835500,64,2020-03-02
17031630300,17031835500,84,2020-03-02
17031630500,17031835500,53,2020-03-02
17031690900,17031835500,57,2020-03-02
17031770602,17031835500,65,2020-03-02
17031811600,17031835500,63,2020-03-02
17031813000,17031835500,117,2020-03-02
17031813801,17031835500,63,2020-03-02
17031814200,17031835500,79,2020-03-02
17031820901,17031835500,64,2020-03-02
17031822102,17031835500,66,2020-03-02
17031824115,17031835500,148,2020-03-02
17031828503,17031835500,80,2020-03-02
17031830500,17031835500,65,2020-03-02
17031833100,17031835500,56,2020-03-02
17031835500,17031835500,431,2020-03-02
17031835600,17031835500,204,2020-03-02
17031836000,17031835500,77,2020-03-02
17031836300,17031835500,229,2020-03-02
17031838700,17031835500,231,2020-03-02
17031839000,17031835500,117,2020-03-02
17031839700,17031835500,64,2020-03-02
17031839800,17031835500,129,2020-03-02
17031840200,17031835500,58,2020-03-02
17031840400,17031835500,384,2020-03-02
17031841100,17031835500,71,2020-03-02
17031841200,17031835500,87,2020-03-02
17031841900,17031835500,277,2020-03-02
17031842100,17031835500,72,2020-03-02
17031842400,17031835500,153,2020-03-02
17031842600,17031835500,930,2020-03-02
17031842800,17031835500,68,2020-03-02
17031843000,17031835500,147,2020-03-02
17031843100,17031835500,78,2020-03-02
17031843300,17031835500,143,2020-03-02
17031843600,17031835500,66,2020-03-02
17031843800,17031835500,198,2020-03-02
17031980000,17031835500,175,2020-03-02
17031980100,17031835500,203,2020-03-02
17097864403,17031835500,59,2020-03-02
17197883514,17031835500,65,2020-03-02
17197883902,17031835500,86,2020-03-02
18089020900,17031835500,62,2020-03-02
18089041200,17031835500,73,2020-03-02
18089043002,17031835500,63,2020-03-02
17031031501,17031835500,100,2020-03-09
17031071100,17031835500,67,2020-03-09
17031081700,17031835500,85,2020-03-09
17031190100,17031835500,161,2020-03-09
17031231200,17031835500,70,2020-03-09
17031242900,17031835500,70,2020-03-09
17031243500,17031835500,60,2020-03-09
17031251500,17031835500,84,2020-03-09
17031281900,17031835500,141,2020-03-09
17031351100,17031835500,72,2020-03-09
17031380100,17031835500,91,2020-03-09
17031381200,17031835500,100,2020-03-09
17031390100,17031835500,66,2020-03-09
17031400800,17031835500,71,2020-03-09
17031410800,17031835500,63,2020-03-09
17031420200,17031835500,113,2020-03-09
17031500300,17031835500,72,2020-03-09
17031570200,17031835500,138,2020-03-09
17031580200,17031835500,76,2020-03-09
17031580800,17031835500,145,2020-03-09
17031590500,17031835500,170,2020-03-09
17031600400,17031835500,77,2020-03-09
17031610300,17031835500,318,2020-03-09
17031611000,17031835500,83,2020-03-09
17031611200,17031835500,90,2020-03-09
17031611900,17031835500,151,2020-03-09
17031620300,17031835500,125,2020-03-09
17031630300,17031835500,72,2020-03-09
17031670500,17031835500,81,2020-03-09
17031681000,17031835500,69,2020-03-09
17031730300,17031835500,80,2020-03-09
17031770700,17031835500,63,2020-03-09
17031811402,17031835500,109,2020-03-09
17031814800,17031835500,64,2020-03-09
17031818200,17031835500,69,2020-03-09
17031821401,17031835500,65,2020-03-09
17031821600,17031835500,85,2020-03-09
17031823001,17031835500,69,2020-03-09
17031825801,17031835500,69,2020-03-09
17031826800,17031835500,60,2020-03-09
17031827901,17031835500,76,2020-03-09
17031828503,17031835500,69,2020-03-09
17031830500,17031835500,203,2020-03-09
17031833100,17031835500,125,2020-03-09
17031835100,17031835500,114,2020-03-09
17031835500,17031835500,557,2020-03-09
17031835600,17031835500,153,2020-03-09
17031835900,17031835500,113,2020-03-09
17031836200,17031835500,157,2020-03-09
17031838200,17031835500,321,2020-03-09
17031839000,17031835500,154,2020-03-09
17031839700,17031835500,68,2020-03-09
17031839900,17031835500,63,2020-03-09
17031840200,17031835500,197,2020-03-09
17031840300,17031835500,69,2020-03-09
17031841000,17031835500,256,2020-03-09
17031841100,17031835500,216,2020-03-09
17031841200,17031835500,75,2020-03-09
17031841900,17031835500,67,2020-03-09
17031842400,17031835500,229,2020-03-09
17031842600,17031835500,744,2020-03-09
17031842800,17031835500,157,2020-03-09
17031842900,17031835500,79,2020-03-09
17031843000,17031835500,77,2020-03-09
17031843200,17031835500,76,2020-03-09
17031980000,17031835500,90,2020-03-09
17089853001,17031835500,142,2020-03-09
18089021500,17031835500,119,2020-03-09
18089030300,17031835500,267,2020-03-09
17031030703,17031835500,77,2020-03-16
17031081401,17031835500,131,2020-03-16
17031081700,17031835500,181,2020-03-16
17031140800,17031835500,72,2020-03-16
17031241400,17031835500,72,2020-03-16
17031320600,17031835500,198,2020-03-16
17031351100,17031835500,88,2020-03-16
17031381700,17031835500,87,2020-03-16
17031381900,17031835500,123,2020-03-16
17031430600,17031835500,92,2020-03-16
17031500100,17031835500,132,2020-03-16
17031590500,17031835500,90,2020-03-16
17031610300,17031835500,195,2020-03-16
17031611000,17031835500,87,2020-03-16
17031611200,17031835500,111,2020-03-16
17031630300,17031835500,92,2020-03-16
17031691100,17031835500,125,2020-03-16
17031691200,17031835500,89,2020-03-16
17031770800,17031835500,79,2020-03-16
17031820902,17031835500,89,2020-03-16
17031821600,17031835500,96,2020-03-16
17031823303,17031835500,178,2020-03-16
17031828201,17031835500,82,2020-03-16
17031835500,17031835500,314,2020-03-16
17031835700,17031835500,105,2020-03-16
17031836400,17031835500,91,2020-03-16
17031838200,17031835500,277,2020-03-16
17031839000,17031835500,83,2020-03-16
17031839100,17031835500,113,2020-03-16
17031839800,17031835500,104,2020-03-16
17031840200,17031835500,85,2020-03-16
17031840400,17031835500,144,2020-03-16
17031841100,17031835500,86,2020-03-16
17031842600,17031835500,272,2020-03-16
17031842800,17031835500,78,2020-03-16
17031980000,17031835500,255,2020-03-16
17043841314,17031835500,85,2020-03-16
17043844702,17031835500,78,2020-03-16
18089012400,17031835500,99,2020-03-16
18089040600,17031835500,79,2020-03-16
18089042704,17031835500,96,2020-03-16
17031081401,17031835500,146,2020-03-23
17031140800,17031835500,117,2020-03-23
17031241000,17031835500,403,2020-03-23
17031271300,17031835500,174,2020-03-23
17031330100,17031835500,140,2020-03-23
17031381200,17031835500,84,2020-03-23
17031381400,17031835500,91,2020-03-23
17031390300,17031835500,113,2020-03-23
17031410800,17031835500,99,2020-03-23
17031430600,17031835500,231,2020-03-23
17031431400,17031835500,146,2020-03-23
17031500200,17031835500,103,2020-03-23
17031570300,17031835500,127,2020-03-23
17031580800,17031835500,208,2020-03-23
17031600400,17031835500,129,2020-03-23
17031610300,17031835500,237,2020-03-23
17031610800,17031835500,179,2020-03-23
17031611700,17031835500,353,2020-03-23
17031640300,17031835500,103,2020-03-23
17031720100,17031835500,84,2020-03-23
17031827802,17031835500,103,2020-03-23
17031828000,17031835500,84,2020-03-23
17031830500,17031835500,140,2020-03-23
17031833000,17031835500,185,2020-03-23
17031836200,17031835500,254,2020-03-23
17031838200,17031835500,438,2020-03-23
17031841900,17031835500,122,2020-03-23
17031842200,17031835500,171,2020-03-23
17031842400,17031835500,178,2020-03-23
17031842600,17031835500,279,2020-03-23
17031843800,17031835500,129,2020-03-23
17031980000,17031835500,189,2020-03-23
17031081000,17031835500,145,2020-03-30
17031081401,17031835500,248,2020-03-30
17031130100,17031835500,119,2020-03-30
17031301200,17031835500,111,2020-03-30
17031301702,17031835500,126,2020-03-30
17031310600,17031835500,102,2020-03-30
17031320600,17031835500,117,2020-03-30
17031340500,17031835500,111,2020-03-30
17031351000,17031835500,127,2020-03-30
17031381700,17031835500,89,2020-03-30
17031440300,17031835500,104,2020-03-30
17031610300,17031835500,123,2020-03-30
17031611000,17031835500,109,2020-03-30
17031611400,17031835500,148,2020-03-30
17031611600,17031835500,149,2020-03-30
17031611800,17031835500,125,2020-03-30
17031630800,17031835500,90,2020-03-30
17031808100,17031835500,94,2020-03-30
17031820103,17031835500,171,2020-03-30
17031820901,17031835500,103,2020-03-30
17031821900,17031835500,95,2020-03-30
17031823904,17031835500,170,2020-03-30
17031833100,17031835500,106,2020-03-30
17031835500,17031835500,1090,2020-03-30
17031835600,17031835500,108,2020-03-30
17031836700,17031835500,102,2020-03-30
17031837400,17031835500,335,2020-03-30
17031840200,17031835500,107,2020-03-30
17031841000,17031835500,325,2020-03-30
17031842600,17031835500,423,2020-03-30
17031843200,17031835500,121,2020-03-30
17031843600,17031835500,105,2020-03-30
17031843800,17031835500,102,2020-03-30
17097862603,17031835500,85,2020-03-30
17197881900,17031835500,190,2020-03-30
17031020702,17031835500,179,2020-04-06
17031071500,17031835500,246,2020-04-06
17031080300,17031835500,272,2020-04-06
17031081000,17031835500,108,2020-04-06
17031081700,17031835500,252,2020-04-06
17031140200,17031835500,203,2020-04-06
17031140800,17031835500,106,2020-04-06
17031221400,17031835500,96,2020-04-06
17031222200,17031835500,85,2020-04-06
17031231200,17031835500,95,2020-04-06
17031240900,17031835500,215,2020-04-06
17031251800,17031835500,99,2020-04-06
17031271200,17031835500,207,2020-04-06
17031280100,17031835500,102,2020-04-06
17031291200,17031835500,114,2020-04-06
17031320600,17031835500,221,2020-04-06
17031330200,17031835500,123,2020-04-06
17031340600,17031835500,125,2020-04-06
17031351000,17031835500,167,2020-04-06
17031380500,17031835500,109,2020-04-06
17031400400,17031835500,136,2020-04-06
17031410100,17031835500,102,2020-04-06
17031410800,17031835500,162,2020-04-06
17031430800,17031835500,105,2020-04-06
17031440300,17031835500,102,2020-04-06
17031460500,17031835500,87,2020-04-06
17031580800,17031835500,89,2020-04-06
17031610300,17031835500,364,2020-04-06
17031610800,17031835500,205,2020-04-06
17031611000,17031835500,100,2020-04-06
17031611300,17031835500,94,2020-04-06
17031611900,17031835500,128,2020-04-06
17031816800,17031835500,101,2020-04-06
17031818000,17031835500,317,2020-04-06
17031820104,17031835500,90,2020-04-06
17031820901,17031835500,106,2020-04-06
17031825802,17031835500,202,2020-04-06
17031828201,17031835500,101,2020-04-06
17031829700,17031835500,151,2020-04-06
17031830500,17031835500,178,2020-04-06
17031830700,17031835500,117,2020-04-06
17031833100,17031835500,211,2020-04-06
17031835500,17031835500,728,2020-04-06
17031835600,17031835500,106,2020-04-06
17031836200,17031835500,158,2020-04-06
17031836900,17031835500,143,2020-04-06
17031838000,17031835500,102,2020-04-06
17031839000,17031835500,130,2020-04-06
17031839200,17031835500,189,2020-04-06
17031839600,17031835500,205,2020-04-06
17031839700,17031835500,106,2020-04-06
17031840200,17031835500,155,2020-04-06
17031840400,17031835500,89,2020-04-06
17031841100,17031835500,88,2020-04-06
17031841900,17031835500,111,2020-04-06
17031842400,17031835500,385,2020-04-06
17031842600,17031835500,386,2020-04-06
17031843800,17031835500,128,2020-04-06
17043844501,17031835500,87,2020-04-06
17097864002,17031835500,351,2020-04-06
17031031900,17031835500,117,2020-04-13
17031063400,17031835500,166,2020-04-13
17031271400,17031835500,161,2020-04-13
17031301200,17031835500,133,2020-04-13
17031310600,17031835500,128,2020-04-13
17031320600,17031835500,555,2020-04-13
17031330100,17031835500,395,2020-04-13
17031330200,17031835500,140,2020-04-13
17031380200,17031835500,113,2020-04-13
17031381200,17031835500,261,2020-04-13
17031390300,17031835500,158,2020-04-13
17031400300,17031835500,303,2020-04-13
17031410800,17031835500,264,2020-04-13
17031440900,17031835500,101,2020-04-13
17031480100,17031835500,101,2020-04-13
17031580400,17031835500,441,2020-04-13
17031580501,17031835500,121,2020-04-13
17031580800,17031835500,157,2020-04-13
17031610300,17031835500,509,2020-04-13
17031611000,17031835500,233,2020-04-13
17031611200,17031835500,266,2020-04-13
17031611800,17031835500,138,2020-04-13
17031611900,17031835500,171,2020-04-13
17031818000,17031835500,555,2020-04-13
17031823904,17031835500,141,2020-04-13
17031826201,17031835500,126,2020-04-13
17031830900,17031835500,121,2020-04-13
17031831500,17031835500,153,2020-04-13
17031832300,17031835500,104,2020-04-13
17031834500,17031835500,334,2020-04-13
17031835500,17031835500,510,2020-04-13
17031837400,17031835500,121,2020-04-13
17031839000,17031835500,286,2020-04-13
17031839100,17031835500,252,2020-04-13
17031840400,17031835500,107,2020-04-13
17031841000,17031835500,303,2020-04-13
17031841100,17031835500,104,2020-04-13
17031841200,17031835500,101,2020-04-13
17031841300,17031835500,111,2020-04-13
17031841900,17031835500,234,2020-04-13
17031842400,17031835500,479,2020-04-13
17031842600,17031835500,471,2020-04-13
17031843000,17031835500,245,2020-04-13
17031843600,17031835500,117,2020-04-13
17031843700,17031835500,275,2020-04-13
17043844501,17031835500,123,2020-04-13
18089021800,17031835500,120,2020-04-13
17031063000,17031835500,156,2020-04-20
17031070300,17031835500,89,2020-04-20
17031081500,17031835500,94,2020-04-20
17031081800,17031835500,100,2020-04-20
17031140701,17031835500,121,2020-04-20
17031210602,17031835500,111,2020-04-20
17031230500,17031835500,103,2020-04-20
17031230600,17031835500,91,2020-04-20
17031241500,17031835500,89,2020-04-20
17031301802,17031835500,102,2020-04-20
17031301803,17031835500,99,2020-04-20
17031330100,17031835500,220,2020-04-20
17031351000,17031835500,106,2020-04-20
17031380700,17031835500,133,2020-04-20
17031580800,17031835500,195,2020-04-20
17031590700,17031835500,111,2020-04-20
17031610300,17031835500,330,2020-04-20
17031611000,17031835500,117,2020-04-20
17031611300,17031835500,111,2020-04-20
17031611500,17031835500,102,2020-04-20
17031611800,17031835500,128,2020-04-20
17031620300,17031835500,102,2020-04-20
17031691000,17031835500,102,2020-04-20
17031815200,17031835500,105,2020-04-20
17031818000,17031835500,390,2020-04-20
17031821600,17031835500,134,2020-04-20
17031822102,17031835500,93,2020-04-20
17031823904,17031835500,245,2020-04-20
17031825802,17031835500,133,2020-04-20
17031830500,17031835500,120,2020-04-20
17031835500,17031835500,196,2020-04-20
17031835600,17031835500,116,2020-04-20
17031836800,17031835500,139,2020-04-20
17031838200,17031835500,392,2020-04-20
17031839000,17031835500,123,2020-04-20
17031839700,17031835500,96,2020-04-20
17031840200,17031835500,375,2020-04-20
17031841000,17031835500,214,2020-04-20
17031841900,17031835500,223,2020-04-20
17031842400,17031835500,121,2020-04-20
17031842600,17031835500,415,2020-04-20
17031842800,17031835500,117,2020-04-20
17031843600,17031835500,112,2020-04-20
18089040401,17031835500,247,2020-04-20
18089040502,17031835500,87,2020-04-20
18089042703,17031835500,83,2020-04-20
18089042704,17031835500,345,2020-04-20
17031242900,17031835500,101,2020-04-27
17031250200,17031835500,115,2020-04-27
17031320400,17031835500,110,2020-04-27
17031320600,17031835500,614,2020-04-27
17031330100,17031835500,101,2020-04-27
17031351000,17031835500,305,2020-04-27
17031381200,17031835500,87,2020-04-27
17031381400,17031835500,102,2020-04-27
17031381900,17031835500,141,2020-04-27
17031400500,17031835500,107,2020-04-27
17031400800,17031835500,114,2020-04-27
17031410600,17031835500,306,2020-04-27
17031420200,17031835500,179,2020-04-27
17031430200,17031835500,117,2020-04-27
17031440300,17031835500,97,2020-04-27
17031500100,17031835500,106,2020-04-27
17031500200,17031835500,108,2020-04-27
17031510300,17031835500,128,2020-04-27
17031520200,17031835500,140,2020-04-27
17031520300,17031835500,98,2020-04-27
17031520400,17031835500,116,2020-04-27
17031560800,17031835500,87,2020-04-27
17031580501,17031835500,92,2020-04-27
17031580600,17031835500,101,2020-04-27
17031600400,17031835500,96,2020-04-27
17031600600,17031835500,133,2020-04-27
17031610300,17031835500,228,2020-04-27
17031611000,17031835500,109,2020-04-27
17031611100,17031835500,143,2020-04-27
17031611500,17031835500,235,2020-04-27
17031611900,17031835500,192,2020-04-27
17031640100,17031835500,107,2020-04-27
17031650302,17031835500,131,2020-04-27
17031670300,17031835500,87,2020-04-27
17031671200,17031835500,173,2020-04-27
17031671500,17031835500,108,2020-04-27
17031671600,17031835500,122,2020-04-27
17031681100,17031835500,145,2020-04-27
17031691500,17031835500,119,2020-04-27
17031770500,17031835500,175,2020-04-27
17031812900,17031835500,93,2020-04-27
17031814200,17031835500,101,2020-04-27
17031820901,17031835500,107,2020-04-27
17031827100,17031835500,112,2020-04-27
17031828402,17031835500,109,2020-04-27
17031833100,17031835500,111,2020-04-27
17031834000,17031835500,210,2020-04-27
17031835500,17031835500,1162,2020-04-27
17031837300,17031835500,198,2020-04-27
17031839500,17031835500,113,2020-04-27
17031839700,17031835500,103,2020-04-27
17031840400,17031835500,229,2020-04-27
17031840700,17031835500,87,2020-04-27
17031841200,17031835500,100,2020-04-27
17031841900,17031835500,339,2020-04-27
17031842000,17031835500,119,2020-04-27
17031842300,17031835500,140,2020-04-27
17031842400,17031835500,236,2020-04-27
17031842600,17031835500,328,2020-04-27
17031842800,17031835500,134,2020-04-27
17031843600,17031835500,201,2020-04-27
17031980000,17031835500,209,2020-04-27
17031031900,17031835500,88,2020-05-04
17031081401,17031835500,218,2020-05-04
17031241000,17031835500,139,2020-05-04
17031241400,17031835500,156,2020-05-04
17031250300,17031835500,95,2020-05-04
17031271400,17031835500,125,2020-05-04
17031320100,17031835500,96,2020-05-04
17031320600,17031835500,95,2020-05-04
17031351000,17031835500,115,2020-05-04
17031351100,17031835500,99,2020-05-04
17031380100,17031835500,184,2020-05-04
17031380200,17031835500,122,2020-05-04
17031400500,17031835500,261,2020-05-04
17031400800,17031835500,83,2020-05-04
17031430400,17031835500,96,2020-05-04
17031450300,17031835500,78,2020-05-04
17031491300,17031835500,195,2020-05-04
17031500100,17031835500,78,2020-05-04
17031500200,17031835500,98,2020-05-04
17031510300,17031835500,372,2020-05-04
17031580800,17031835500,88,2020-05-04
17031590500,17031835500,160,2020-05-04
17031600900,17031835500,117,2020-05-04
17031610300,17031835500,427,2020-05-04
17031610400,17031835500,100,2020-05-04
17031610800,17031835500,165,2020-05-04
17031611200,17031835500,102,2020-05-04
17031611300,17031835500,90,2020-05-04
17031660600,17031835500,204,2020-05-04
17031670700,17031835500,99,2020-05-04
17031671500,17031835500,83,2020-05-04
17031710500,17031835500,98,2020-05-04
17031740100,17031835500,100,2020-05-04
17031814200,17031835500,93,2020-05-04
17031815200,17031835500,78,2020-05-04
17031816800,17031835500,92,2020-05-04
17031820901,17031835500,96,2020-05-04
17031823904,17031835500,117,2020-05-04
17031825802,17031835500,115,2020-05-04
17031828300,17031835500,80,2020-05-04
17031830500,17031835500,110,2020-05-04
17031830700,17031835500,173,2020-05-04
17031833300,17031835500,136,2020-05-04
17031835500,17031835500,944,2020-05-04
17031835600,17031835500,139,2020-05-04
17031835800,17031835500,101,2020-05-04
17031835900,17031835500,85,2020-05-04
17031837400,17031835500,123,2020-05-04
17031839000,17031835500,89,2020-05-04
17031839100,17031835500,118,2020-05-04
17031839700,17031835500,90,2020-05-04
17031840000,17031835500,139,2020-05-04
17031840200,17031835500,175,2020-05-04
17031841000,17031835500,334,2020-05-04
17031841300,17031835500,78,2020-05-04
17031841900,17031835500,293,2020-05-04
17031842200,17031835500,106,2020-05-04
17031842400,17031835500,303,2020-05-04
17031842600,17031835500,467,2020-05-04
17031843100,17031835500,110,2020-05-04
17031843600,17031835500,81,2020-05-04
17031980000,17031835500,177,2020-05-04
18089020600,17031835500,81,2020-05-04
17031031300,17031835500,133,2020-05-11
17031081402,17031835500,231,2020-05-11
17031161100,17031835500,79,2020-05-11
17031221100,17031835500,103,2020-05-11
17031271200,17031835500,348,2020-05-11
17031271300,17031835500,165,2020-05-11
17031281900,17031835500,97,2020-05-11
17031301600,17031835500,120,2020-05-11
17031320600,17031835500,94,2020-05-11
17031351000,17031835500,208,2020-05-11
17031351100,17031835500,101,2020-05-11
17031380100,17031835500,98,2020-05-11
17031381500,17031835500,90,2020-05-11
17031390100,17031835500,106,2020-05-11
17031400300,17031835500,92,2020-05-11
17031400800,17031835500,105,2020-05-11
17031410800,17031835500,92,2020-05-11
17031420700,17031835500,119,2020-05-11
17031430600,17031835500,113,2020-05-11
17031460200,17031835500,79,2020-05-11
17031480500,17031835500,79,2020-05-11
17031510300,17031835500,89,2020-05-11
17031520200,17031835500,153,2020-05-11
17031580502,17031835500,98,2020-05-11
17031610300,17031835500,790,2020-05-11
17031610400,17031835500,224,2020-05-11
17031611000,17031835500,100,2020-05-11
17031611200,17031835500,304,2020-05-11
17031630200,17031835500,80,2020-05-11
17031661000,17031835500,89,2020-05-11
17031690300,17031835500,192,2020-05-11
17031700200,17031835500,94,2020-05-11
17031730400,17031835500,88,2020-05-11
17031740100,17031835500,100,2020-05-11
17031804603,17031835500,205,2020-05-11
17031808002,17031835500,142,2020-05-11
17031813801,17031835500,109,2020-05-11
17031816000,17031835500,100,2020-05-11
17031820104,17031835500,111,2020-05-11
17031821800,17031835500,99,2020-05-11
17031823602,17031835500,152,2020-05-11
17031830500,17031835500,139,2020-05-11
17031831400,17031835500,303,2020-05-11
17031834800,17031835500,108,2020-05-11
17031835200,17031835500,80,2020-05-11
17031835500,17031835500,1135,2020-05-11
17031835600,17031835500,95,2020-05-11
17031837000,17031835500,87,2020-05-11
17031838100,17031835500,162,2020-05-11
17031839000,17031835500,191,2020-05-11
17031839500,17031835500,79,2020-05-11
17031839800,17031835500,113,2020-05-11
17031839900,17031835500,262,2020-05-11
17031840200,17031835500,125,2020-05-11
17031840400,17031835500,83,2020-05-11
17031841000,17031835500,107,2020-05-11
17031842000,17031835500,170,2020-05-11
17031842300,17031835500,138,2020-05-11
17031842400,17031835500,295,2020-05-11
17031842600,17031835500,575,2020-05-11
17031842800,17031835500,194,2020-05-11
17031842900,17031835500,98,2020-05-11
17031843500,17031835500,98,2020-05-11
17043843000,17031835500,88,2020-05-11
17043843100,17031835500,87,2020-05-11
18089010304,17031835500,78,2020-05-11
18089012100,17031835500,73,2020-05-11
18089041200,17031835500,94,2020-05-11
17031010300,17031835500,117,2020-05-18
17031051100,17031835500,89,2020-05-18
17031062600,17031835500,110,2020-05-18
17031063302,17031835500,140,2020-05-18
17031070101,17031835500,133,2020-05-18
17031081600,17031835500,86,2020-05-18
17031081700,17031835500,94,2020-05-18
17031161000,17031835500,102,2020-05-18
17031230500,17031835500,112,2020-05-18
17031230600,17031835500,130,2020-05-18
17031271200,17031835500,104,2020-05-18
17031271300,17031835500,169,2020-05-18
17031283100,17031835500,101,2020-05-18
17031301200,17031835500,110,2020-05-18
17031320100,17031835500,101,2020-05-18
17031320400,17031835500,104,2020-05-18
17031320600,17031835500,89,2020-05-18
17031330100,17031835500,206,2020-05-18
17031330200,17031835500,108,2020-05-18
17031351000,17031835500,113,2020-05-18
17031381200,17031835500,214,2020-05-18
17031381400,17031835500,93,2020-05-18
17031400300,17031835500,86,2020-05-18
17031400800,17031835500,190,2020-05-18
17031410500,17031835500,142,2020-05-18
17031440201,17031835500,117,2020-05-18
17031500100,17031835500,263,2020-05-18
17031510300,17031835500,92,2020-05-18
17031520300,17031835500,108,2020-05-18
17031580502,17031835500,156,2020-05-18
17031580800,17031835500,87,2020-05-18
17031600400,17031835500,199,2020-05-18
17031610300,17031835500,639,2020-05-18
17031610400,17031835500,340,2020-05-18
17031610800,17031835500,176,2020-05-18
17031611000,17031835500,97,2020-05-18
17031611200,17031835500,121,2020-05-18
17031611900,17031835500,175,2020-05-18
17031620300,17031835500,104,2020-05-18
17031630400,17031835500,95,2020-05-18
17031660600,17031835500,86,2020-05-18
17031670600,17031835500,170,2020-05-18
17031690900,17031835500,140,2020-05-18
17031691300,17031835500,83,2020-05-18
17031691500,17031835500,200,2020-05-18
17031710400,17031835500,90,2020-05-18
17031710500,17031835500,105,2020-05-18
17031711000,17031835500,78,2020-05-18
17031802608,17031835500,167,2020-05-18
17031805107,17031835500,92,2020-05-18
17031806202,17031835500,157,2020-05-18
17031808002,17031835500,135,2020-05-18
17031813801,17031835500,109,2020-05-18
17031820201,17031835500,83,2020-05-18
17031821102,17031835500,95,2020-05-18
17031825801,17031835500,106,2020-05-18
17031826201,17031835500,98,2020-05-18
17031828402,17031835500,173,2020-05-18
17031833000,17031835500,163,2020-05-18
17031834800,17031835500,96,2020-05-18
17031835500,17031835500,815,2020-05-18
17031835600,17031835500,306,2020-05-18
17031836300,17031835500,87,2020-05-18
17031837400,17031835500,104,2020-05-18
17031838100,17031835500,148,2020-05-18
17031838200,17031835500,98,2020-05-18
17031839000,17031835500,252,2020-05-18
17031839100,17031835500,97,2020-05-18
17031839800,17031835500,101,2020-05-18
17031840200,17031835500,79,2020-05-18
17031840400,17031835500,124,2020-05-18
17031841100,17031835500,78,2020-05-18
17031841900,17031835500,672,2020-05-18
17031842000,17031835500,82,2020-05-18
17031842300,17031835500,113,2020-05-18
17031842400,17031835500,401,2020-05-18
17031842600,17031835500,667,2020-05-18
17031843300,17031835500,429,2020-05-18
17031843600,17031835500,99,2020-05-18
17043846102,17031835500,102,2020-05-18
18089021800,17031835500,82,2020-05-18
17031010300,17031835500,202,2020-05-25
17031010501,17031835500,104,2020-05-25
17031061902,17031835500,98,2020-05-25
17031080300,17031835500,278,2020-05-25
17031081401,17031835500,178,2020-05-25
17031140800,17031835500,98,2020-05-25
17031161200,17031835500,89,2020-05-25
17031210501,17031835500,104,2020-05-25
17031260500,17031835500,75,2020-05-25
17031291200,17031835500,85,2020-05-25
17031301100,17031835500,93,2020-05-25
17031330100,17031835500,74,2020-05-25
17031350100,17031835500,173,2020-05-25
17031351100,17031835500,74,2020-05-25
17031380100,17031835500,100,2020-05-25
17031380200,17031835500,128,2020-05-25
17031380700,17031835500,98,2020-05-25
17031381400,17031835500,84,2020-05-25
17031381900,17031835500,111,2020-05-25
17031390100,17031835500,96,2020-05-25
17031400800,17031835500,448,2020-05-25
17031411100,17031835500,97,2020-05-25
17031420400,17031835500,172,2020-05-25
17031420700,17031835500,117,2020-05-25
17031431302,17031835500,105,2020-05-25
17031440900,17031835500,80,2020-05-25
17031491400,17031835500,164,2020-05-25
17031500200,17031835500,164,2020-05-25
17031510300,17031835500,78,2020-05-25
17031580100,17031835500,93,2020-05-25
17031610300,17031835500,423,2020-05-25
17031610800,17031835500,127,2020-05-25
17031611000,17031835500,108,2020-05-25
17031611200,17031835500,110,2020-05-25
17031611400,17031835500,107,2020-05-25
17031611500,17031835500,96,2020-05-25
17031611900,17031835500,103,2020-05-25
17031640700,17031835500,94,2020-05-25
17031670300,17031835500,81,2020-05-25
17031670600,17031835500,131,2020-05-25
17031680900,17031835500,86,2020-05-25
17031690300,17031835500,144,2020-05-25
17031690900,17031835500,90,2020-05-25
17031691000,17031835500,89,2020-05-25
17031730300,17031835500,84,2020-05-25
17031801300,17031835500,114,2020-05-25
17031802200,17031835500,185,2020-05-25
17031804105,17031835500,183,2020-05-25
17031806102,17031835500,77,2020-05-25
17031808002,17031835500,74,2020-05-25
17031811701,17031835500,91,2020-05-25
17031814200,17031835500,90,2020-05-25
17031815200,17031835500,119,2020-05-25
17031816100,17031835500,80,2020-05-25
17031817300,17031835500,108,2020-05-25
17031820901,17031835500,110,2020-05-25
17031821600,17031835500,91,2020-05-25
17031824106,17031835500,82,2020-05-25
17031825801,17031835500,96,2020-05-25
17031826201,17031835500,80,2020-05-25
17031826901,17031835500,109,2020-05-25
17031830900,17031835500,258,2020-05-25
17031833000,17031835500,144,2020-05-25
17031833900,17031835500,164,2020-05-25
17031835500,17031835500,1389,2020-05-25
17031835600,17031835500,336,2020-05-25
17031836300,17031835500,87,2020-05-25
17031838200,17031835500,410,2020-05-25
17031839100,17031835500,92,2020-05-25
17031839600,17031835500,74,2020-05-25
17031839900,17031835500,89,2020-05-25
17031840400,17031835500,216,2020-05-25
17031841000,17031835500,250,2020-05-25
17031841100,17031835500,86,2020-05-25
17031841900,17031835500,533,2020-05-25
17031842400,17031835500,278,2020-05-25
17031842600,17031835500,168,2020-05-25
17031842900,17031835500,100,2020-05-25
17031843000,17031835500,135,2020-05-25
17031843900,17031835500,83,2020-05-25
18089011700,17031835500,89,2020-05-25
18089020200,17031835500,72,2020-05-25
18089020400,17031835500,76,2020-05-25
17031020702,17031835500,72,2020-06-01
17031020802,17031835500,90,2020-06-01
17031030400,17031835500,114,2020-06-01
17031062800,17031835500,85,2020-06-01
17031071500,17031835500,94,2020-06-01
17031140702,17031835500,106,2020-06-01
17031240200,17031835500,88,2020-06-01
17031241400,17031835500,111,2020-06-01
17031271200,17031835500,113,2020-06-01
17031280400,17031835500,78,2020-06-01
17031291200,17031835500,109,2020-06-01
17031310200,17031835500,115,2020-06-01
17031330100,17031835500,220,2020-06-01
17031340600,17031835500,153,2020-06-01
17031351000,17031835500,96,2020-06-01
17031380100,17031835500,100,2020-06-01
17031390300,17031835500,81,2020-06-01
17031400400,17031835500,118,2020-06-01
17031400500,17031835500,120,2020-06-01
17031400800,17031835500,111,2020-06-01
17031460700,17031835500,117,2020-06-01
17031491400,17031835500,104,2020-06-01
17031500100,17031835500,90,2020-06-01
17031520400,17031835500,75,2020-06-01
17031560900,17031835500,78,2020-06-01
17031580800,17031835500,172,2020-06-01
17031600900,17031835500,152,2020-06-01
17031610300,17031835500,684,2020-06-01
17031610400,17031835500,189,2020-06-01
17031611000,17031835500,75,2020-06-01
17031611300,17031835500,79,2020-06-01
17031611900,17031835500,124,2020-06-01
17031660600,17031835500,78,2020-06-01
17031670600,17031835500,126,2020-06-01
17031691300,17031835500,72,2020-06-01
17031691400,17031835500,197,2020-06-01
17031770700,17031835500,203,2020-06-01
17031800900,17031835500,78,2020-06-01
17031805901,17031835500,130,2020-06-01
17031817300,17031835500,103,2020-06-01
17031821600,17031835500,82,2020-06-01
17031821800,17031835500,81,2020-06-01
17031822900,17031835500,81,2020-06-01
17031827700,17031835500,130,2020-06-01
17031828000,17031835500,74,2020-06-01
17031834600,17031835500,88,2020-06-01
17031835500,17031835500,823,2020-06-01
17031835600,17031835500,78,2020-06-01
17031836300,17031835500,93,2020-06-01
17031836400,17031835500,163,2020-06-01
17031839500,17031835500,73,2020-06-01
17031839800,17031835500,85,2020-06-01
17031840200,17031835500,347,2020-06-01
17031840400,17031835500,92,2020-06-01
17031841100,17031835500,120,2020-06-01
17031841800,17031835500,153,2020-06-01
17031841900,17031835500,87,2020-06-01
17031842600,17031835500,441,2020-06-01
17031843000,17031835500,85,2020-06-01
17031843600,17031835500,80,2020-06-01
17031980000,17031835500,143,2020-06-01
17031980100,17031835500,108,2020-06-01
17043845901,17031835500,179,2020-06-01
18089040401,17031835500,77,2020-06-01
17031031502,17031835500,87,2020-06-08
17031050300,17031835500,92,2020-06-08
17031140702,17031835500,99,2020-06-08
17031140800,17031835500,175,2020-06-08
17031242000,17031835500,130,2020-06-08
17031281900,17031835500,205,2020-06-08
17031320100,17031835500,176,2020-06-08
17031320400,17031835500,102,2020-06-08
17031320600,17031835500,177,2020-06-08
17031330100,17031835500,159,2020-06-08
17031351000,17031835500,102,2020-06-08
17031360200,17031835500,95,2020-06-08
17031381700,17031835500,171,2020-06-08
17031381800,17031835500,72,2020-06-08
17031400400,17031835500,100,2020-06-08
17031410800,17031835500,72,2020-06-08
17031420400,17031835500,84,2020-06-08
17031420500,17031835500,98,2020-06-08
17031430200,17031835500,244,2020-06-08
17031461000,17031835500,84,2020-06-08
17031480400,17031835500,72,2020-06-08
17031520100,17031835500,81,2020-06-08
17031520300,17031835500,89,2020-06-08
17031520400,17031835500,86,2020-06-08
17031540101,17031835500,90,2020-06-08
17031570200,17031835500,76,2020-06-08
17031580300,17031835500,91,2020-06-08
17031580502,17031835500,72,2020-06-08
17031580800,17031835500,86,2020-06-08
17031590500,17031835500,90,2020-06-08
17031590700,17031835500,170,2020-06-08
17031610300,17031835500,800,2020-06-08
17031610400,17031835500,202,2020-06-08
17031610800,17031835500,91,2020-06-08
17031611500,17031835500,79,2020-06-08
17031611900,17031835500,197,2020-06-08
17031612100,17031835500,103,2020-06-08
17031630300,17031835500,80,2020-06-08
17031660900,17031835500,114,2020-06-08
17031690400,17031835500,179,2020-06-08
17031691300,17031835500,96,2020-06-08
17031691400,17031835500,87,2020-06-08
17031691500,17031835500,207,2020-06-08
17031720300,17031835500,72,2020-06-08
17031804611,17031835500,85,2020-06-08
17031805802,17031835500,113,2020-06-08
17031806201,17031835500,72,2020-06-08
17031807600,17031835500,166,2020-06-08
17031813301,17031835500,119,2020-06-08
17031813702,17031835500,89,2020-06-08
17031814200,17031835500,85,2020-06-08
17031815600,17031835500,97,2020-06-08
17031817900,17031835500,107,2020-06-08
17031820901,17031835500,88,2020-06-08
17031821300,17031835500,127,2020-06-08
17031823400,17031835500,112,2020-06-08
17031824115,17031835500,90,2020-06-08
17031824122,17031835500,110,2020-06-08
17031826401,17031835500,116,2020-06-08
17031828300,17031835500,75,2020-06-08
17031830700,17031835500,100,2020-06-08
17031832300,17031835500,95,2020-06-08
17031834300,17031835500,89,2020-06-08
17031835500,17031835500,742,2020-06-08
17031835600,17031835500,94,2020-06-08
17031836000,17031835500,112,2020-06-08
17031836200,17031835500,117,2020-06-08
17031838200,17031835500,112,2020-06-08
17031839500,17031835500,96,2020-06-08
17031839600,17031835500,83,2020-06-08
17031839800,17031835500,289,2020-06-08
17031840200,17031835500,167,2020-06-08
17031840300,17031835500,85,2020-06-08
17031840400,17031835500,266,2020-06-08
17031840700,17031835500,118,2020-06-08
17031841100,17031835500,189,2020-06-08
17031841900,17031835500,434,2020-06-08
17031842000,17031835500,105,2020-06-08
17031842400,17031835500,89,2020-06-08
17031842600,17031835500,670,2020-06-08
17031843300,17031835500,172,2020-06-08
17031843600,17031835500,91,2020-06-08
17031843800,17031835500,103,2020-06-08
18089010100,17031835500,101,2020-06-08
18089042704,17031835500,99,2020-06-08
18127051002,17031835500,84,2020-06-08
17031031300,17031835500,120,2020-06-15
17031032100,17031835500,100,2020-06-15
17031081402,17031835500,95,2020-06-15
17031081800,17031835500,112,2020-06-15
17031140800,17031835500,80,2020-06-15
17031210100,17031835500,107,2020-06-15
17031241400,17031835500,103,2020-06-15
17031250200,17031835500,135,2020-06-15
17031250500,17031835500,136,2020-06-15
17031291600,17031835500,193,2020-06-15
17031320100,17031835500,117,2020-06-15
17031320400,17031835500,103,2020-06-15
17031330200,17031835500,119,2020-06-15
17031351400,17031835500,193,2020-06-15
17031380100,17031835500,111,2020-06-15
17031390100,17031835500,80,2020-06-15
17031390700,17031835500,139,2020-06-15
17031400800,17031835500,112,2020-06-15
17031430102,17031835500,118,2020-06-15
17031430300,17031835500,90,2020-06-15
17031461000,17031835500,98,2020-06-15
17031500200,17031835500,108,2020-06-15
17031580200,17031835500,203,2020-06-15
17031580800,17031835500,95,2020-06-15
17031590500,17031835500,115,2020-06-15
17031590700,17031835500,97,2020-06-15
17031610300,17031835500,680,2020-06-15
17031611300,17031835500,95,2020-06-15
17031620100,17031835500,98,2020-06-15
17031630500,17031835500,86,2020-06-15
17031660600,17031835500,89,2020-06-15
17031680900,17031835500,91,2020-06-15
17031691400,17031835500,341,2020-06-15
17031801800,17031835500,393,2020-06-15
17031817300,17031835500,106,2020-06-15
17031820901,17031835500,95,2020-06-15
17031821001,17031835500,85,2020-06-15
17031821102,17031835500,80,2020-06-15
17031821900,17031835500,102,2020-06-15
17031822900,17031835500,197,2020-06-15
17031823302,17031835500,88,2020-06-15
17031824106,17031835500,180,2020-06-15
17031826500,17031835500,123,2020-06-15
17031826800,17031835500,108,2020-06-15
17031827400,17031835500,98,2020-06-15
17031828000,17031835500,84,2020-06-15
17031830300,17031835500,125,2020-06-15
17031830700,17031835500,202,2020-06-15
17031832100,17031835500,94,2020-06-15
17031834400,17031835500,107,2020-06-15
17031834900,17031835500,158,2020-06-15
17031835500,17031835500,894,2020-06-15
17031835600,17031835500,186,2020-06-15
17031835900,17031835500,127,2020-06-15
17031836000,17031835500,155,2020-06-15
17031838800,17031835500,129,2020-06-15
17031839000,17031835500,100,2020-06-15
17031839500,17031835500,80,2020-06-15
17031839700,17031835500,90,2020-06-15
17031840200,17031835500,133,2020-06-15
17031840400,17031835500,88,2020-06-15
17031840700,17031835500,262,2020-06-15
17031841100,17031835500,298,2020-06-15
17031841900,17031835500,209,2020-06-15
17031842100,17031835500,93,2020-06-15
17031842400,17031835500,99,2020-06-15
17031842600,17031835500,530,2020-06-15
17031842800,17031835500,85,2020-06-15
17031842900,17031835500,119,2020-06-15
17031843300,17031835500,278,2020-06-15
17043844301,17031835500,246,2020-06-15
17043844307,17031835500,92,2020-06-15
17043844501,17031835500,100,2020-06-15
17043845811,17031835500,84,2020-06-15
17197883606,17031835500,93,2020-06-15
18089020200,17031835500,154,2020-06-15
18089030300,17031835500,143,2020-06-15
18089030900,17031835500,100,2020-06-15
18089042300,17031835500,84,2020-06-15
18127050506,17031835500,98,2020-06-15
17031010202,17031835500,78,2020-06-22
17031020500,17031835500,107,2020-06-22
17031030800,17031835500,106,2020-06-22
17031050500,17031835500,102,2020-06-22
17031070101,17031835500,180,2020-06-22
17031070102,17031835500,109,2020-06-22
17031071500,17031835500,366,2020-06-22
17031080300,17031835500,163,2020-06-22
17031081100,17031835500,138,2020-06-22
17031081300,17031835500,101,2020-06-22
17031081401,17031835500,121,2020-06-22
17031081700,17031835500,166,2020-06-22
17031081800,17031835500,84,2020-06-22
17031140800,17031835500,202,2020-06-22
17031151200,17031835500,84,2020-06-22
17031221000,17031835500,154,2020-06-22
17031280100,17031835500,94,2020-06-22
17031281900,17031835500,97,2020-06-22
17031320100,17031835500,318,2020-06-22
17031330100,17031835500,217,2020-06-22
17031351100,17031835500,94,2020-06-22
17031380100,17031835500,111,2020-06-22
17031381200,17031835500,146,2020-06-22
17031381800,17031835500,111,2020-06-22
17031400800,17031835500,133,2020-06-22
17031420300,17031835500,185,2020-06-22
17031430200,17031835500,106,2020-06-22
17031490300,17031835500,97,2020-06-22
17031490500,17031835500,93,2020-06-22
17031500200,17031835500,99,2020-06-22
17031510300,17031835500,94,2020-06-22
17031520100,17031835500,82,2020-06-22
17031560300,17031835500,78,2020-06-22
17031600400,17031835500,189,2020-06-22
17031610300,17031835500,688,2020-06-22
17031611000,17031835500,90,2020-06-22
17031611300,17031835500,115,2020-06-22
17031611800,17031835500,84,2020-06-22
17031630200,17031835500,77,2020-06-22
17031630300,17031835500,85,2020-06-22
17031640700,17031835500,135,2020-06-22
17031650302,17031835500,102,2020-06-22
17031670500,17031835500,171,2020-06-22
17031681100,17031835500,120,2020-06-22
17031691300,17031835500,177,2020-06-22
17031691400,17031835500,87,2020-06-22
17031691500,17031835500,195,2020-06-22
17031700402,17031835500,102,2020-06-22
17031730600,17031835500,100,2020-06-22
17031804603,17031835500,275,2020-06-22
17031806600,17031835500,114,2020-06-22
17031808002,17031835500,95,2020-06-22
17031813801,17031835500,110,2020-06-22
17031814200,17031835500,184,2020-06-22
17031818000,17031835500,252,2020-06-22
17031820901,17031835500,91,2020-06-22
17031821200,17031835500,98,2020-06-22
17031823400,17031835500,110,2020-06-22
17031824115,17031835500,325,2020-06-22
17031825501,17031835500,99,2020-06-22
17031825801,17031835500,210,2020-06-22
17031827901,17031835500,94,2020-06-22
17031830700,17031835500,97,2020-06-22
17031831500,17031835500,211,2020-06-22
17031834600,17031835500,95,2020-06-22
17031834800,17031835500,231,2020-06-22
17031835500,17031835500,1050,2020-06-22
17031835600,17031835500,179,2020-06-22
17031836500,17031835500,105,2020-06-22
17031837000,17031835500,119,2020-06-22
17031837400,17031835500,123,2020-06-22
17031838200,17031835500,137,2020-06-22
17031839200,17031835500,311,2020-06-22
17031839900,17031835500,84,2020-06-22
17031840400,17031835500,291,2020-06-22
17031841100,17031835500,306,2020-06-22
17031841800,17031835500,278,2020-06-22
17031842200,17031835500,232,2020-06-22
17031842300,17031835500,96,2020-06-22
17031842400,17031835500,92,2020-06-22
17031842600,17031835500,127,2020-06-22
17031842900,17031835500,82,2020-06-22
17031843200,17031835500,110,2020-06-22
17031980100,17031835500,162,2020-06-22
18089020700,17031835500,96,2020-06-22
18089020900,17031835500,108,2020-06-22
18089041200,17031835500,138,2020-06-22
17031030604,17031835500,159,2020-06-29
17031040900,17031835500,96,2020-06-29
17031070700,17031835500,90,2020-06-29
17031071500,17031835500,86,2020-06-29
17031080100,17031835500,137,2020-06-29
17031080201,17031835500,107,2020-06-29
17031080300,17031835500,100,2020-06-29
17031081000,17031835500,99,2020-06-29
17031081201,17031835500,121,2020-06-29
17031081202,17031835500,180,2020-06-29
17031081401,17031835500,104,2020-06-29
17031081403,17031835500,307,2020-06-29
17031081500,17031835500,103,2020-06-29
17031081600,17031835500,265,2020-06-29
17031081700,17031835500,93,2020-06-29
17031081800,17031835500,114,2020-06-29
17031130200,17031835500,120,2020-06-29
17031140702,17031835500,88,2020-06-29
17031191200,17031835500,86,2020-06-29
17031243400,17031835500,102,2020-06-29
17031250600,17031835500,99,2020-06-29
17031271300,17031835500,116,2020-06-29
17031310600,17031835500,189,2020-06-29
17031320100,17031835500,85,2020-06-29
17031340400,17031835500,115,2020-06-29
17031350100,17031835500,130,2020-06-29
17031351100,17031835500,83,2020-06-29
17031351400,17031835500,100,2020-06-29
17031351500,17031835500,287,2020-06-29
17031380700,17031835500,128,2020-06-29
17031400300,17031835500,125,2020-06-29
17031410700,17031835500,85,2020-06-29
17031430101,17031835500,114,2020-06-29
17031430400,17031835500,94,2020-06-29
17031430600,17031835500,169,2020-06-29
17031440300,17031835500,113,2020-06-29
17031480100,17031835500,83,2020-06-29
17031490500,17031835500,166,2020-06-29
17031490901,17031835500,112,2020-06-29
17031500200,17031835500,101,2020-06-29
17031510300,17031835500,88,2020-06-29
17031520200,17031835500,97,2020-06-29
17031580700,17031835500,105,2020-06-29
17031580800,17031835500,89,2020-06-29
17031590700,17031835500,95,2020-06-29
17031610300,17031835500,893,2020-06-29
17031610400,17031835500,225,2020-06-29
17031611800,17031835500,81,2020-06-29
17031611900,17031835500,101,2020-06-29
17031630100,17031835500,103,2020-06-29
17031660700,17031835500,105,2020-06-29
17031813801,17031835500,77,2020-06-29
17031814200,17031835500,199,2020-06-29
17031816100,17031835500,110,2020-06-29
17031821600,17031835500,92,2020-06-29
17031822900,17031835500,190,2020-06-29
17031828900,17031835500,119,2020-06-29
17031830500,17031835500,92,2020-06-29
17031832300,17031835500,126,2020-06-29
17031833000,17031835500,124,2020-06-29
17031833100,17031835500,132,2020-06-29
17031834000,17031835500,132,2020-06-29
17031835500,17031835500,999,2020-06-29
17031835600,17031835500,92,2020-06-29
17031835800,17031835500,90,2020-06-29
17031836500,17031835500,99,2020-06-29
17031838200,17031835500,102,2020-06-29
17031839000,17031835500,105,2020-06-29
17031839100,17031835500,286,2020-06-29
17031840200,17031835500,177,2020-06-29
17031840300,17031835500,216,2020-06-29
17031840400,17031835500,374,2020-06-29
17031841100,17031835500,329,2020-06-29
17031841900,17031835500,274,2020-06-29
17031842600,17031835500,938,2020-06-29
17031842900,17031835500,105,2020-06-29
17031843300,17031835500,124,2020-06-29
17031843900,17031835500,112,2020-06-29
17043840600,17031835500,98,2020-06-29
17043840908,17031835500,102,2020-06-29
17043846313,17031835500,132,2020-06-29
17031010201,17031835500,109,2020-07-06
17031031400,17031835500,86,2020-07-06
17031070103,17031835500,127,2020-07-06
17031071500,17031835500,80,2020-07-06
17031081800,17031835500,77,2020-07-06
17031140200,17031835500,83,2020-07-06
17031140800,17031835500,82,2020-07-06
17031231200,17031835500,87,2020-07-06
17031280900,17031835500,113,2020-07-06
17031300600,17031835500,109,2020-07-06
17031330100,17031835500,349,2020-07-06
17031330200,17031835500,86,2020-07-06
17031351000,17031835500,96,2020-07-06
17031351100,17031835500,191,2020-07-06
17031381400,17031835500,84,2020-07-06
17031381800,17031835500,123,2020-07-06
17031381900,17031835500,256,2020-07-06
17031390100,17031835500,98,2020-07-06
17031390400,17031835500,178,2020-07-06
17031390500,17031835500,113,2020-07-06
17031440101,17031835500,84,2020-07-06
17031440102,17031835500,165,2020-07-06
17031450300,17031835500,134,2020-07-06
17031490500,17031835500,104,2020-07-06
17031500200,17031835500,99,2020-07-06
17031590600,17031835500,154,2020-07-06
17031610300,17031835500,519,2020-07-06
17031611000,17031835500,113,2020-07-06
17031611300,17031835500,96,2020-07-06
17031611400,17031835500,111,2020-07-06
17031650100,17031835500,121,2020-07-06
17031650500,17031835500,120,2020-07-06
17031671100,17031835500,111,2020-07-06
17031700100,17031835500,94,2020-07-06
17031730202,17031835500,85,2020-07-06
17031813801,17031835500,105,2020-07-06
17031814200,17031835500,299,2020-07-06
17031814800,17031835500,92,2020-07-06
17031815600,17031835500,93,2020-07-06
17031818000,17031835500,334,2020-07-06
17031820901,17031835500,245,2020-07-06
17031821200,17031835500,83,2020-07-06
17031821600,17031835500,103,2020-07-06
17031824503,17031835500,294,2020-07-06
17031830700,17031835500,77,2020-07-06
17031830900,17031835500,90,2020-07-06
17031834000,17031835500,89,2020-07-06
17031835500,17031835500,690,2020-07-06
17031835600,17031835500,81,2020-07-06
17031835900,17031835500,163,2020-07-06
17031837000,17031835500,250,2020-07-06
17031838200,17031835500,195,2020-07-06
17031839000,17031835500,106,2020-07-06
17031839100,17031835500,224,2020-07-06
17031839900,17031835500,77,2020-07-06
17031840400,17031835500,182,2020-07-06
17031841100,17031835500,149,2020-07-06
17031842100,17031835500,334,2020-07-06
17031842400,17031835500,97,2020-07-06
17031842600,17031835500,187,2020-07-06
17031842900,17031835500,189,2020-07-06
17031843300,17031835500,321,2020-07-06
17043844307,17031835500,79,2020-07-06
17097864408,17031835500,108,2020-07-06
18089010201,17031835500,106,2020-07-06
17031031502,17031835500,100,2020-07-13
17031081201,17031835500,83,2020-07-13
17031081402,17031835500,84,2020-07-13
17031081403,17031835500,109,2020-07-13
17031140800,17031835500,75,2020-07-13
17031280900,17031835500,82,2020-07-13
17031300600,17031835500,94,2020-07-13
17031310200,17031835500,91,2020-07-13
17031310700,17031835500,80,2020-07-13
17031310800,17031835500,178,2020-07-13
17031320100,17031835500,201,2020-07-13
17031330100,17031835500,190,2020-07-13
17031351100,17031835500,193,2020-07-13
17031380100,17031835500,109,2020-07-13
17031381500,17031835500,94,2020-07-13
17031390400,17031835500,141,2020-07-13
17031400300,17031835500,123,2020-07-13
17031430200,17031835500,104,2020-07-13
17031440101,17031835500,120,2020-07-13
17031490500,17031835500,92,2020-07-13
17031580700,17031835500,80,2020-07-13
17031590700,17031835500,90,2020-07-13
17031600400,17031835500,89,2020-07-13
17031610300,17031835500,618,2020-07-13
17031611000,17031835500,90,2020-07-13
17031611100,17031835500,93,2020-07-13
17031650301,17031835500,153,2020-07-13
17031660900,17031835500,93,2020-07-13
17031690400,17031835500,80,2020-07-13
17031720100,17031835500,80,2020-07-13
17031814200,17031835500,88,2020-07-13
17031817300,17031835500,107,2020-07-13
17031824115,17031835500,116,2020-07-13
17031824123,17031835500,98,2020-07-13
17031824506,17031835500,81,2020-07-13
17031825503,17031835500,89,2020-07-13
17031826201,17031835500,168,2020-07-13
17031826800,17031835500,80,2020-07-13
17031827802,17031835500,79,2020-07-13
17031827901,17031835500,76,2020-07-13
17031830500,17031835500,393,2020-07-13
17031830700,17031835500,96,2020-07-13
17031831100,17031835500,92,2020-07-13
17031832100,17031835500,84,2020-07-13
17031833000,17031835500,156,2020-07-13
17031835500,17031835500,837,2020-07-13
17031835600,17031835500,76,2020-07-13
17031836200,17031835500,75,2020-07-13
17031837800,17031835500,88,2020-07-13
17031839000,17031835500,86,2020-07-13
17031839100,17031835500,110,2020-07-13
17031839900,17031835500,90,2020-07-13
17031840400,17031835500,78,2020-07-13
17031841100,17031835500,337,2020-07-13
17031841800,17031835500,126,2020-07-13
17031841900,17031835500,176,2020-07-13
17031842200,17031835500,75,2020-07-13
17031842600,17031835500,803,2020-07-13
17031843200,17031835500,95,2020-07-13
17031843300,17031835500,136,2020-07-13
17043840304,17031835500,92,2020-07-13
17043845703,17031835500,93,2020-07-13
17197883514,17031835500,115,2020-07-13
18089021100,17031835500,105,2020-07-13
18089021300,17031835500,96,2020-07-13
17031010702,17031835500,105,2020-07-20
17031020702,17031835500,106,2020-07-20
17031040402,17031835500,111,2020-07-20
17031081201,17031835500,106,2020-07-20
17031081401,17031835500,249,2020-07-20
17031081403,17031835500,266,2020-07-20
17031081500,17031835500,193,2020-07-20
17031081700,17031835500,89,2020-07-20
17031110502,17031835500,123,2020-07-20
17031160602,17031835500,97,2020-07-20
17031271200,17031835500,158,2020-07-20
17031301803,17031835500,83,2020-07-20
17031320600,17031835500,206,2020-07-20
17031330100,17031835500,150,2020-07-20
17031330200,17031835500,107,2020-07-20
17031351000,17031835500,87,2020-07-20
17031380100,17031835500,123,2020-07-20
17031381400,17031835500,85,2020-07-20
17031381500,17031835500,98,2020-07-20
17031390100,17031835500,167,2020-07-20
17031430200,17031835500,101,2020-07-20
17031520200,17031835500,79,2020-07-20
17031570200,17031835500,87,2020-07-20
17031580200,17031835500,93,2020-07-20
17031580800,17031835500,265,2020-07-20
17031590500,17031835500,88,2020-07-20
17031590700,17031835500,90,2020-07-20
17031610300,17031835500,400,2020-07-20
17031610800,17031835500,132,2020-07-20
17031611000,17031835500,162,2020-07-20
17031611300,17031835500,223,2020-07-20
17031611400,17031835500,110,2020-07-20
17031691300,17031835500,258,2020-07-20
17031710500,17031835500,75,2020-07-20
17031770602,17031835500,98,2020-07-20
17031808002,17031835500,85,2020-07-20
17031811800,17031835500,80,2020-07-20
17031813702,17031835500,101,2020-07-20
17031816800,17031835500,85,2020-07-20
17031818000,17031835500,130,2020-07-20
17031820300,17031835500,87,2020-07-20
17031820901,17031835500,89,2020-07-20
17031820902,17031835500,95,2020-07-20
17031821200,17031835500,96,2020-07-20
17031821402,17031835500,97,2020-07-20
17031823001,17031835500,270,2020-07-20
17031825600,17031835500,170,2020-07-20
17031830500,17031835500,121,2020-07-20
17031831100,17031835500,91,2020-07-20
17031832300,17031835500,86,2020-07-20
17031833000,17031835500,116,2020-07-20
17031834400,17031835500,134,2020-07-20
17031835500,17031835500,656,2020-07-20
17031835600,17031835500,198,2020-07-20
17031835700,17031835500,93,2020-07-20
17031836300,17031835500,186,2020-07-20
17031836400,17031835500,113,2020-07-20
17031837400,17031835500,103,2020-07-20
17031838200,17031835500,152,2020-07-20
17031839000,17031835500,115,2020-07-20
17031839200,17031835500,85,2020-07-20
17031840200,17031835500,98,2020-07-20
17031840400,17031835500,369,2020-07-20
17031841100,17031835500,189,2020-07-20
17031841900,17031835500,173,2020-07-20
17031842600,17031835500,1097,2020-07-20
17031842800,17031835500,184,2020-07-20
17031842900,17031835500,88,2020-07-20
17031843200,17031835500,102,2020-07-20
17031843700,17031835500,98,2020-07-20
18089021300,17031835500,85,2020-07-20
18089021400,17031835500,89,2020-07-20
17031020702,17031835500,181,2020-07-27
17031031000,17031835500,76,2020-07-27
17031081201,17031835500,77,2020-07-27
17031081300,17031835500,99,2020-07-27
17031081402,17031835500,262,2020-07-27
17031081500,17031835500,103,2020-07-27
17031140800,17031835500,90,2020-07-27
17031200401,17031835500,89,2020-07-27
17031301701,17031835500,200,2020-07-27
17031310700,17031835500,78,2020-07-27
17031320400,17031835500,79,2020-07-27
17031320600,17031835500,238,2020-07-27
17031330200,17031835500,75,2020-07-27
17031340300,17031835500,123,2020-07-27
17031340500,17031835500,110,2020-07-27
17031351000,17031835500,99,2020-07-27
17031351100,17031835500,173,2020-07-27
17031380100,17031835500,231,2020-07-27
17031380700,17031835500,244,2020-07-27
17031381200,17031835500,98,2020-07-27
17031381900,17031835500,137,2020-07-27
17031390200,17031835500,218,2020-07-27
17031410800,17031835500,94,2020-07-27
17031411000,17031835500,132,2020-07-27
17031420400,17031835500,108,2020-07-27
17031490300,17031835500,71,2020-07-27
17031500200,17031835500,94,2020-07-27
17031570200,17031835500,132,2020-07-27
17031590700,17031835500,96,2020-07-27
17031610300,17031835500,287,2020-07-27
17031610400,17031835500,133,2020-07-27
17031610800,17031835500,239,2020-07-27
17031611000,17031835500,211,2020-07-27
17031611300,17031835500,78,2020-07-27
17031611900,17031835500,120,2020-07-27
17031620200,17031835500,81,2020-07-27
17031630100,17031835500,161,2020-07-27
17031630800,17031835500,82,2020-07-27
17031650500,17031835500,224,2020-07-27
17031730201,17031835500,120,2020-07-27
17031770700,17031835500,71,2020-07-27
17031814200,17031835500,79,2020-07-27
17031815500,17031835500,99,2020-07-27
17031815600,17031835500,273,2020-07-27
17031816700,17031835500,113,2020-07-27
17031820901,17031835500,86,2020-07-27
17031821600,17031835500,84,2020-07-27
17031824900,17031835500,98,2020-07-27
17031826800,17031835500,85,2020-07-27
17031828000,17031835500,97,2020-07-27
17031833000,17031835500,118,2020-07-27
17031834000,17031835500,86,2020-07-27
17031834600,17031835500,99,2020-07-27
17031835000,17031835500,77,2020-07-27
17031835100,17031835500,84,2020-07-27
17031835500,17031835500,786,2020-07-27
17031835700,17031835500,96,2020-07-27
17031836100,17031835500,150,2020-07-27
17031837800,17031835500,110,2020-07-27
17031839100,17031835500,308,2020-07-27
17031839700,17031835500,228,2020-07-27
17031839900,17031835500,80,2020-07-27
17031840000,17031835500,71,2020-07-27
17031841000,17031835500,94,2020-07-27
17031841900,17031835500,332,2020-07-27
17031842200,17031835500,121,2020-07-27
17031842500,17031835500,90,2020-07-27
17031842600,17031835500,443,2020-07-27
17031842800,17031835500,235,2020-07-27
17031843800,17031835500,109,2020-07-27
17197880113,17031835500,92,2020-07-27
18089010201,17031835500,127,2020-07-27
17031061800,17031835500,139,2020-08-03
17031081300,17031835500,106,2020-08-03
17031081402,17031835500,187,2020-08-03
17031081403,17031835500,387,2020-08-03
17031140800,17031835500,114,2020-08-03
17031230400,17031835500,96,2020-08-03
17031251800,17031835500,215,2020-08-03
17031300900,17031835500,94,2020-08-03
17031320100,17031835500,154,2020-08-03
17031320600,17031835500,251,2020-08-03
17031330100,17031835500,126,2020-08-03
17031351000,17031835500,82,2020-08-03
17031351100,17031835500,90,2020-08-03
17031351400,17031835500,118,2020-08-03
17031380100,17031835500,115,2020-08-03
17031380500,17031835500,262,2020-08-03
17031381900,17031835500,208,2020-08-03
17031390100,17031835500,98,2020-08-03
17031400500,17031835500,155,2020-08-03
17031410800,17031835500,247,2020-08-03
17031411000,17031835500,94,2020-08-03
17031420500,17031835500,113,2020-08-03
17031430400,17031835500,94,2020-08-03
17031430600,17031835500,213,2020-08-03
17031440300,17031835500,106,2020-08-03
17031500100,17031835500,121,2020-08-03
17031500200,17031835500,94,2020-08-03
17031520400,17031835500,83,2020-08-03
17031580800,17031835500,86,2020-08-03
17031600900,17031835500,100,2020-08-03
17031610300,17031835500,622,2020-08-03
17031610400,17031835500,80,2020-08-03
17031611000,17031835500,116,2020-08-03
17031620200,17031835500,187,2020-08-03
17031690400,17031835500,87,2020-08-03
17031700301,17031835500,78,2020-08-03
17031805002,17031835500,119,2020-08-03
17031808002,17031835500,103,2020-08-03
17031811800,17031835500,199,2020-08-03
17031814200,17031835500,181,2020-08-03
17031823602,17031835500,86,2020-08-03
17031824505,17031835500,83,2020-08-03
17031824507,17031835500,95,2020-08-03
17031830500,17031835500,100,2020-08-03
17031834700,17031835500,94,2020-08-03
17031835500,17031835500,416,2020-08-03
17031835600,17031835500,255,2020-08-03
17031836300,17031835500,110,2020-08-03
17031838200,17031835500,190,2020-08-03
17031839800,17031835500,87,2020-08-03
17031839900,17031835500,107,2020-08-03
17031840000,17031835500,106,2020-08-03
17031840400,17031835500,425,2020-08-03
17031842000,17031835500,157,2020-08-03
17031842600,17031835500,622,2020-08-03
17031843500,17031835500,188,2020-08-03
17031843600,17031835500,90,2020-08-03
18089020200,17031835500,172,2020-08-03
18089021100,17031835500,133,2020-08-03
18127050506,17031835500,92,2020-08-03
17031063301,17031835500,98,2020-08-10
17031071500,17031835500,172,2020-08-10
17031081402,17031835500,172,2020-08-10
17031081500,17031835500,85,2020-08-10
17031100500,17031835500,86,2020-08-10
17031140702,17031835500,178,2020-08-10
17031231200,17031835500,84,2020-08-10
17031320400,17031835500,114,2020-08-10
17031330100,17031835500,154,2020-08-10
17031340300,17031835500,155,2020-08-10
17031351000,17031835500,181,2020-08-10
17031351100,17031835500,83,2020-08-10
17031381900,17031835500,126,2020-08-10
17031390500,17031835500,316,2020-08-10
17031400300,17031835500,94,2020-08-10
17031420400,17031835500,105,2020-08-10
17031420500,17031835500,97,2020-08-10
17031580800,17031835500,80,2020-08-10
17031590700,17031835500,85,2020-08-10
17031600400,17031835500,85,2020-08-10
17031610300,17031835500,179,2020-08-10
17031611000,17031835500,132,2020-08-10
17031611300,17031835500,86,2020-08-10
17031611900,17031835500,78,2020-08-10
17031630800,17031835500,84,2020-08-10
17031650302,17031835500,74,2020-08-10
17031770202,17031835500,90,2020-08-10
17031770700,17031835500,75,2020-08-10
17031816100,17031835500,90,2020-08-10
17031816600,17031835500,128,2020-08-10
17031820901,17031835500,84,2020-08-10
17031820902,17031835500,238,2020-08-10
17031826800,17031835500,76,2020-08-10
17031831100,17031835500,91,2020-08-10
17031831300,17031835500,127,2020-08-10
17031835500,17031835500,411,2020-08-10
17031835600,17031835500,310,2020-08-10
17031835900,17031835500,214,2020-08-10
17031836400,17031835500,92,2020-08-10
17031838800,17031835500,114,2020-08-10
17031839000,17031835500,82,2020-08-10
17031839100,17031835500,108,2020-08-10
17031839900,17031835500,78,2020-08-10
17031840200,17031835500,181,2020-08-10
17031840400,17031835500,77,2020-08-10
17031841100,17031835500,184,2020-08-10
17031841900,17031835500,86,2020-08-10
17031842400,17031835500,84,2020-08-10
17031842600,17031835500,591,2020-08-10
17031842900,17031835500,263,2020-08-10
17043840101,17031835500,98,2020-08-10
17097861506,17031835500,87,2020-08-10
17097861609,17031835500,89,2020-08-10
18089020200,17031835500,72,2020-08-10
17031031400,17031835500,115,2020-08-17
17031070700,17031835500,79,2020-08-17
17031071100,17031835500,90,2020-08-17
17031081500,17031835500,104,2020-08-17
17031221100,17031835500,79,2020-08-17
17031250800,17031835500,97,2020-08-17
17031271800,17031835500,81,2020-08-17
17031310200,17031835500,109,2020-08-17
17031320100,17031835500,102,2020-08-17
17031330100,17031835500,328,2020-08-17
17031330200,17031835500,96,2020-08-17
17031351000,17031835500,105,2020-08-17
17031381400,17031835500,81,2020-08-17
17031390100,17031835500,266,2020-08-17
17031390300,17031835500,120,2020-08-17
17031390500,17031835500,106,2020-08-17
17031400800,17031835500,98,2020-08-17
17031440300,17031835500,88,2020-08-17
17031500100,17031835500,183,2020-08-17
17031580800,17031835500,89,2020-08-17
17031610300,17031835500,681,2020-08-17
17031610400,17031835500,84,2020-08-17
17031611000,17031835500,89,2020-08-17
17031611200,17031835500,69,2020-08-17
17031611500,17031835500,118,2020-08-17
17031700401,17031835500,119,2020-08-17
17031730201,17031835500,153,2020-08-17
17031811800,17031835500,126,2020-08-17
17031811900,17031835500,85,2020-08-17
17031816800,17031835500,81,2020-08-17
17031817300,17031835500,107,2020-08-17
17031818000,17031835500,158,2020-08-17
17031818401,17031835500,98,2020-08-17
17031820902,17031835500,159,2020-08-17
17031823102,17031835500,88,2020-08-17
17031823901,17031835500,132,2020-08-17
17031824123,17031835500,82,2020-08-17
17031828000,17031835500,99,2020-08-17
17031830700,17031835500,84,2020-08-17
17031834600,17031835500,81,2020-08-17
17031834800,17031835500,309,2020-08-17
17031835500,17031835500,503,2020-08-17
17031835600,17031835500,74,2020-08-17
17031836300,17031835500,103,2020-08-17
17031838200,17031835500,148,2020-08-17
17031839200,17031835500,147,2020-08-17
17031839500,17031835500,72,2020-08-17
17031840000,17031835500,154,2020-08-17
17031840200,17031835500,80,2020-08-17
17031840400,17031835500,420,2020-08-17
17031841100,17031835500,320,2020-08-17
17031841900,17031835500,99,2020-08-17
17031842200,17031835500,82,2020-08-17
17031842400,17031835500,86,2020-08-17
17031842600,17031835500,637,2020-08-17
17031842900,17031835500,107,2020-08-17
17031843300,17031835500,162,2020-08-17
17043841504,17031835500,109,2020-08-17
17197880113,17031835500,88,2020-08-17
18089020300,17031835500,72,2020-08-17
18089040600,17031835500,69,2020-08-17
17031030101,17031835500,134,2020-08-24
17031061800,17031835500,189,2020-08-24
17031081401,17031835500,255,2020-08-24
17031081403,17031835500,162,2020-08-24
17031081500,17031835500,186,2020-08-24
17031081700,17031835500,125,2020-08-24
17031081800,17031835500,165,2020-08-24
17031221600,17031835500,79,2020-08-24
17031250500,17031835500,77,2020-08-24
17031271300,17031835500,124,2020-08-24
17031271800,17031835500,122,2020-08-24
17031320100,17031835500,296,2020-08-24
17031320600,17031835500,146,2020-08-24
17031330100,17031835500,93,2020-08-24
17031340400,17031835500,84,2020-08-24
17031351000,17031835500,183,2020-08-24
17031351100,17031835500,90,2020-08-24
17031380700,17031835500,94,2020-08-24
17031381700,17031835500,104,2020-08-24
17031381800,17031835500,235,2020-08-24
17031381900,17031835500,144,2020-08-24
17031390500,17031835500,303,2020-08-24
17031400300,17031835500,146,2020-08-24
17031400800,17031835500,151,2020-08-24
17031440201,17031835500,75,2020-08-24
17031440300,17031835500,108,2020-08-24
17031491100,17031835500,101,2020-08-24
17031500200,17031835500,94,2020-08-24
17031580400,17031835500,97,2020-08-24
17031580501,17031835500,113,2020-08-24
17031600400,17031835500,178,2020-08-24
17031600600,17031835500,75,2020-08-24
17031610300,17031835500,580,2020-08-24
17031611000,17031835500,185,2020-08-24
17031611100,17031835500,91,2020-08-24
17031611300,17031835500,113,2020-08-24
17031630100,17031835500,92,2020-08-24
17031670800,17031835500,103,2020-08-24
17031690400,17031835500,216,2020-08-24
17031691400,17031835500,89,2020-08-24
17031750500,17031835500,115,2020-08-24
17031808200,17031835500,75,2020-08-24
17031811302,17031835500,99,2020-08-24
17031815100,17031835500,93,2020-08-24
17031816000,17031835500,147,2020-08-24
17031816700,17031835500,83,2020-08-24
17031820901,17031835500,90,2020-08-24
17031827801,17031835500,94,2020-08-24
17031830700,17031835500,90,2020-08-24
17031831400,17031835500,93,2020-08-24
17031835000,17031835500,108,2020-08-24
17031835500,17031835500,571,2020-08-24
17031835600,17031835500,113,2020-08-24
17031835900,17031835500,80,2020-08-24
17031839000,17031835500,244,2020-08-24
17031839200,17031835500,143,2020-08-24
17031839600,17031835500,83,2020-08-24
17031839900,17031835500,80,2020-08-24
17031840000,17031835500,134,2020-08-24
17031840400,17031835500,77,2020-08-24
17031841000,17031835500,138,2020-08-24
17031841100,17031835500,109,2020-08-24
17031841300,17031835500,225,2020-08-24
17031841900,17031835500,172,2020-08-24
17031842000,17031835500,143,2020-08-24
17031842200,17031835500,144,2020-08-24
17031842400,17031835500,93,2020-08-24
17031842600,17031835500,344,2020-08-24
17031842900,17031835500,81,2020-08-24
17031843300,17031835500,292,2020-08-24
17031843600,17031835500,118,2020-08-24
18127050506,17031835500,182,2020-08-24
17031031300,17031835500,135,2020-08-31
17031031400,17031835500,117,2020-08-31
17031062600,17031835500,87,2020-08-31
17031063302,17031835500,118,2020-08-31
17031081500,17031835500,69,2020-08-31
17031190702,17031835500,93,2020-08-31
17031210501,17031835500,95,2020-08-31
17031221100,17031835500,89,2020-08-31
17031222700,17031835500,115,2020-08-31
17031310700,17031835500,77,2020-08-31
17031330200,17031835500,78,2020-08-31
17031351000,17031835500,90,2020-08-31
17031351100,17031835500,167,2020-08-31
17031351400,17031835500,105,2020-08-31
17031381400,17031835500,80,2020-08-31
17031400500,17031835500,79,2020-08-31
17031410500,17031835500,145,2020-08-31
17031460100,17031835500,96,2020-08-31
17031500200,17031835500,87,2020-08-31
17031510300,17031835500,136,2020-08-31
17031520200,17031835500,108,2020-08-31
17031560400,17031835500,203,2020-08-31
17031580100,17031835500,74,2020-08-31
17031580800,17031835500,80,2020-08-31
17031590700,17031835500,100,2020-08-31
17031610300,17031835500,564,2020-08-31
17031610400,17031835500,75,2020-08-31
17031612100,17031835500,91,2020-08-31
17031630400,17031835500,92,2020-08-31
17031671500,17031835500,79,2020-08-31
17031680500,17031835500,141,2020-08-31
17031690400,17031835500,119,2020-08-31
17031700402,17031835500,72,2020-08-31
17031805112,17031835500,74,2020-08-31
17031810900,17031835500,73,2020-08-31
17031811301,17031835500,246,2020-08-31
17031811302,17031835500,80,2020-08-31
17031814200,17031835500,228,2020-08-31
17031816600,17031835500,91,2020-08-31
17031820800,17031835500,85,2020-08-31
17031820901,17031835500,104,2020-08-31
17031822602,17031835500,81,2020-08-31
17031825801,17031835500,79,2020-08-31
17031826000,17031835500,75,2020-08-31
17031828201,17031835500,76,2020-08-31
17031832300,17031835500,93,2020-08-31
17031834200,17031835500,71,2020-08-31
17031835500,17031835500,867,2020-08-31
17031835600,17031835500,95,2020-08-31
17031835700,17031835500,125,2020-08-31
17031835900,17031835500,87,2020-08-31
17031836100,17031835500,80,2020-08-31
17031837300,17031835500,98,2020-08-31
17031839100,17031835500,119,2020-08-31
17031839500,17031835500,74,2020-08-31
17031839600,17031835500,88,2020-08-31
17031840200,17031835500,82,2020-08-31
17031840300,17031835500,77,2020-08-31
17031841900,17031835500,255,2020-08-31
17031842000,17031835500,162,2020-08-31
17031842200,17031835500,83,2020-08-31
17031842300,17031835500,73,2020-08-31
17031842400,17031835500,92,2020-08-31
17031842600,17031835500,484,2020-08-31
17031843600,17031835500,69,2020-08-31
17031843900,17031835500,119,2020-08-31
17031020702,17031835500,82,2020-09-07
17031060200,17031835500,101,2020-09-07
17031062700,17031835500,71,2020-09-07
17031081401,17031835500,207,2020-09-07
17031081403,17031835500,205,2020-09-07
17031081800,17031835500,86,2020-09-07
17031231200,17031835500,78,2020-09-07
17031250500,17031835500,87,2020-09-07
17031271200,17031835500,140,2020-09-07
17031282800,17031835500,80,2020-09-07
17031300600,17031835500,86,2020-09-07
17031330100,17031835500,212,2020-09-07
17031340400,17031835500,75,2020-09-07
17031351000,17031835500,200,2020-09-07
17031351100,17031835500,82,2020-09-07
17031380100,17031835500,145,2020-09-07
17031381900,17031835500,98,2020-09-07
17031410800,17031835500,79,2020-09-07
17031440900,17031835500,111,2020-09-07
17031530300,17031835500,102,2020-09-07
17031540101,17031835500,131,2020-09-07
17031570300,17031835500,88,2020-09-07
17031590700,17031835500,106,2020-09-07
17031610300,17031835500,314,2020-09-07
17031611400,17031835500,89,2020-09-07
17031611700,17031835500,84,2020-09-07
17031611800,17031835500,80,2020-09-07
17031611900,17031835500,181,2020-09-07
17031650301,17031835500,81,2020-09-07
17031710800,17031835500,163,2020-09-07
17031720100,17031835500,86,2020-09-07
17031814200,17031835500,119,2020-09-07
17031820606,17031835500,99,2020-09-07
17031820901,17031835500,82,2020-09-07
17031820902,17031835500,174,2020-09-07
17031822900,17031835500,89,2020-09-07
17031823200,17031835500,116,2020-09-07
17031824120,17031835500,69,2020-09-07
17031825801,17031835500,84,2020-09-07
17031826800,17031835500,156,2020-09-07
17031830500,17031835500,108,2020-09-07
17031832500,17031835500,87,2020-09-07
17031833000,17031835500,77,2020-09-07
17031834800,17031835500,116,2020-09-07
17031835500,17031835500,741,2020-09-07
17031835800,17031835500,82,2020-09-07
17031836000,17031835500,117,2020-09-07
17031838100,17031835500,105,2020-09-07
17031838200,17031835500,266,2020-09-07
17031839800,17031835500,130,2020-09-07
17031840200,17031835500,79,2020-09-07
17031840700,17031835500,98,2020-09-07
17031841100,17031835500,76,2020-09-07
17031841200,17031835500,83,2020-09-07
17031842600,17031835500,621,2020-09-07
17031842900,17031835500,171,2020-09-07
17089850105,17031835500,86,2020-09-07
17197883215,17031835500,117,2020-09-07
18089021400,17031835500,71,2020-09-07
18127050300,17031835500,159,2020-09-07
17031031400,17031835500,134,2020-09-14
17031060900,17031835500,88,2020-09-14
17031081700,17031835500,71,2020-09-14
17031190100,17031835500,84,2020-09-14
17031231200,17031835500,151,2020-09-14
17031250200,17031835500,104,2020-09-14
17031271300,17031835500,105,2020-09-14
17031271800,17031835500,71,2020-09-14
17031280900,17031835500,84,2020-09-14
17031301200,17031835500,75,2020-09-14
17031310700,17031835500,149,2020-09-14
17031320400,17031835500,103,2020-09-14
17031351000,17031835500,91,2020-09-14
17031351100,17031835500,88,2020-09-14
17031381200,17031835500,80,2020-09-14
17031381400,17031835500,152,2020-09-14
17031381900,17031835500,251,2020-09-14
17031410800,17031835500,83,2020-09-14
17031420800,17031835500,124,2020-09-14
17031430500,17031835500,84,2020-09-14
17031440101,17031835500,156,2020-09-14
17031440300,17031835500,89,2020-09-14
17031520100,17031835500,178,2020-09-14
17031520400,17031835500,118,2020-09-14
17031540101,17031835500,114,2020-09-14
17031570200,17031835500,81,2020-09-14
17031580100,17031835500,74,2020-09-14
17031610300,17031835500,512,2020-09-14
17031611200,17031835500,126,2020-09-14
17031661000,17031835500,175,2020-09-14
17031691400,17031835500,82,2020-09-14
17031730201,17031835500,76,2020-09-14
17031770300,17031835500,83,2020-09-14
17031770500,17031835500,146,2020-09-14
17031813801,17031835500,405,2020-09-14
17031814200,17031835500,81,2020-09-14
17031817102,17031835500,88,2020-09-14
17031818000,17031835500,142,2020-09-14
17031820901,17031835500,86,2020-09-14
17031821800,17031835500,95,2020-09-14
17031830500,17031835500,116,2020-09-14
17031835500,17031835500,196,2020-09-14
17031836100,17031835500,83,2020-09-14
17031837000,17031835500,126,2020-09-14
17031838200,17031835500,213,2020-09-14
17031839900,17031835500,83,2020-09-14
17031840400,17031835500,261,2020-09-14
17031841100,17031835500,192,2020-09-14
17031842000,17031835500,197,2020-09-14
17031842600,17031835500,253,2020-09-14
17031842800,17031835500,206,2020-09-14
17031842900,17031835500,82,2020-09-14
17031843100,17031835500,103,2020-09-14
17031980000,17031835500,128,2020-09-14
18089010400,17031835500,75,2020-09-14
17031020702,17031835500,112,2020-09-21
17031030102,17031835500,82,2020-09-21
17031031400,17031835500,128,2020-09-21
17031060900,17031835500,92,2020-09-21
17031062100,17031835500,116,2020-09-21
17031081401,17031835500,507,2020-09-21
17031081403,17031835500,107,2020-09-21
17031081700,17031835500,167,2020-09-21
17031081800,17031835500,76,2020-09-21
17031210900,17031835500,114,2020-09-21
17031231200,17031835500,83,2020-09-21
17031241400,17031835500,116,2020-09-21
17031282700,17031835500,76,2020-09-21
17031310700,17031835500,100,2020-09-21
17031320100,17031835500,106,2020-09-21
17031351000,17031835500,196,2020-09-21
17031351100,17031835500,89,2020-09-21
17031381500,17031835500,76,2020-09-21
17031381700,17031835500,126,2020-09-21
17031410800,17031835500,141,2020-09-21
17031420800,17031835500,173,2020-09-21
17031440300,17031835500,101,2020-09-21
17031560100,17031835500,106,2020-09-21
17031590500,17031835500,112,2020-09-21
17031590700,17031835500,105,2020-09-21
17031600400,17031835500,88,2020-09-21
17031610300,17031835500,838,2020-09-21
17031610400,17031835500,88,2020-09-21
17031611500,17031835500,81,2020-09-21
17031611900,17031835500,191,2020-09-21
17031630800,17031835500,92,2020-09-21
17031640800,17031835500,96,2020-09-21
17031661000,17031835500,116,2020-09-21
17031710700,17031835500,137,2020-09-21
17031770500,17031835500,147,2020-09-21
17031813801,17031835500,290,2020-09-21
17031814200,17031835500,324,2020-09-21
17031820901,17031835500,114,2020-09-21
17031821200,17031835500,86,2020-09-21
17031821402,17031835500,106,2020-09-21
17031821600,17031835500,99,2020-09-21
17031823703,17031835500,91,2020-09-21
17031824106,17031835500,100,2020-09-21
17031827902,17031835500,96,2020-09-21
17031830500,17031835500,122,2020-09-21
17031830700,17031835500,371,2020-09-21
17031833100,17031835500,113,2020-09-21
17031835500,17031835500,658,2020-09-21
17031836000,17031835500,99,2020-09-21
17031838200,17031835500,158,2020-09-21
17031839600,17031835500,79,2020-09-21
17031840200,17031835500,181,2020-09-21
17031840400,17031835500,81,2020-09-21
17031840700,17031835500,211,2020-09-21
17031841000,17031835500,108,2020-09-21
17031841100,17031835500,88,2020-09-21
17031841900,17031835500,343,2020-09-21
17031842000,17031835500,112,2020-09-21
17031842200,17031835500,373,2020-09-21
17031842600,17031835500,577,2020-09-21
17031842800,17031835500,183,2020-09-21
17031842900,17031835500,188,2020-09-21
17031843100,17031835500,107,2020-09-21
17031843200,17031835500,112,2020-09-21
17031843300,17031835500,170,2020-09-21
17031980100,17031835500,92,2020-09-21
17043844601,17031835500,134,2020-09-21
17197883602,17031835500,92,2020-09-21
18089010302,17031835500,69,2020-09-21
18089020400,17031835500,69,2020-09-21
18089042300,17031835500,177,2020-09-21
17031020702,17031835500,103,2020-09-28
17031071800,17031835500,186,2020-09-28
17031081100,17031835500,73,2020-09-28
17031081201,17031835500,83,2020-09-28
17031081401,17031835500,73,2020-09-28
17031081500,17031835500,87,2020-09-28
17031081800,17031835500,115,2020-09-28
17031221600,17031835500,114,2020-09-28
17031250400,17031835500,125,2020-09-28
17031251900,17031835500,118,2020-09-28
17031271200,17031835500,164,2020-09-28
17031301701,17031835500,77,2020-09-28
17031301803,17031835500,86,2020-09-28
17031310500,17031835500,83,2020-09-28
17031310700,17031835500,162,2020-09-28
17031320100,17031835500,156,2020-09-28
17031320400,17031835500,73,2020-09-28
17031330100,17031835500,75,2020-09-28
17031351000,17031835500,91,2020-09-28
17031381200,17031835500,95,2020-09-28
17031420500,17031835500,92,2020-09-28
17031430102,17031835500,229,2020-09-28
17031430700,17031835500,125,2020-09-28
17031500200,17031835500,91,2020-09-28
17031520300,17031835500,104,2020-09-28
17031520400,17031835500,94,2020-09-28
17031560700,17031835500,82,2020-09-28
17031570200,17031835500,182,2020-09-28
17031580400,17031835500,125,2020-09-28
17031590500,17031835500,88,2020-09-28
17031600400,17031835500,200,2020-09-28
17031610300,17031835500,719,2020-09-28
17031610400,17031835500,97,2020-09-28
17031611000,17031835500,184,2020-09-28
17031611200,17031835500,156,2020-09-28
17031611300,17031835500,91,2020-09-28
17031660400,17031835500,82,2020-09-28
17031711200,17031835500,86,2020-09-28
17031730202,17031835500,136,2020-09-28
17031730400,17031835500,84,2020-09-28
17031750500,17031835500,88,2020-09-28
17031813801,17031835500,279,2020-09-28
17031814200,17031835500,177,2020-09-28
17031820901,17031835500,95,2020-09-28
17031820902,17031835500,123,2020-09-28
17031821102,17031835500,116,2020-09-28
17031821800,17031835500,96,2020-09-28
17031822102,17031835500,213,2020-09-28
17031824115,17031835500,223,2020-09-28
17031831100,17031835500,103,2020-09-28
17031831400,17031835500,155,2020-09-28
17031835500,17031835500,537,2020-09-28
17031835600,17031835500,91,2020-09-28
17031835800,17031835500,121,2020-09-28
17031836300,17031835500,117,2020-09-28
17031838200,17031835500,125,2020-09-28
17031838300,17031835500,149,2020-09-28
17031839100,17031835500,81,2020-09-28
17031839200,17031835500,164,2020-09-28
17031840400,17031835500,182,2020-09-28
17031840700,17031835500,73,2020-09-28
17031841100,17031835500,116,2020-09-28
17031842000,17031835500,259,2020-09-28
17031842600,17031835500,964,2020-09-28
17031843300,17031835500,325,2020-09-28
17031980000,17031835500,162,2020-09-28
17097864204,17031835500,81,2020-09-28
18089042300,17031835500,261,2020-09-28
18127050407,17031835500,78,2020-09-28
17031031900,17031835500,95,2020-10-05
17031060200,17031835500,76,2020-10-05
17031063000,17031835500,150,2020-10-05
17031250800,17031835500,109,2020-10-05
17031330200,17031835500,97,2020-10-05
17031610300,17031835500,512,2020-10-05
17031611000,17031835500,76,2020-10-05
17031691300,17031835500,90,2020-10-05
17031808002,17031835500,101,2020-10-05
17031811302,17031835500,247,2020-10-05
17031813301,17031835500,89,2020-10-05
17031814200,17031835500,105,2020-10-05
17031818000,17031835500,238,2020-10-05
17031820902,17031835500,81,2020-10-05
17031821402,17031835500,79,2020-10-05
17031822500,17031835500,92,2020-10-05
17031824507,17031835500,83,2020-10-05
17031829901,17031835500,150,2020-10-05
17031830500,17031835500,112,2020-10-05
17031834400,17031835500,109,2020-10-05
17031835500,17031835500,231,2020-10-05
17031835600,17031835500,87,2020-10-05
17031835800,17031835500,93,2020-10-05
17031836300,17031835500,122,2020-10-05
17031836500,17031835500,133,2020-10-05
17031838200,17031835500,178,2020-10-05
17031841300,17031835500,96,2020-10-05
17031841900,17031835500,78,2020-10-05
17031842000,17031835500,127,2020-10-05
17031842100,17031835500,89,2020-10-05
17031842600,17031835500,453,2020-10-05
17031980100,17031835500,90,2020-10-05
18073101000,17031835500,65,2020-10-05
18089042300,17031835500,378,2020-10-05
17031031501,17031835500,123,2020-10-12
17031040402,17031835500,90,2020-10-12
17031040900,17031835500,101,2020-10-12
17031063200,17031835500,114,2020-10-12
17031070103,17031835500,97,2020-10-12
17031081000,17031835500,78,2020-10-12
17031081201,17031835500,205,2020-10-12
17031081402,17031835500,95,2020-10-12
17031081403,17031835500,106,2020-10-12
17031081500,17031835500,165,2020-10-12
17031081800,17031835500,94,2020-10-12
17031243400,17031835500,141,2020-10-12
17031271400,17031835500,112,2020-10-12
17031280100,17031835500,130,2020-10-12
17031310800,17031835500,70,2020-10-12
17031330100,17031835500,116,2020-10-12
17031330200,17031835500,98,2020-10-12
17031340300,17031835500,161,2020-10-12
17031380100,17031835500,92,2020-10-12
17031420800,17031835500,233,2020-10-12
17031430500,17031835500,91,2020-10-12
17031520200,17031835500,180,2020-10-12
17031580800,17031835500,91,2020-10-12
17031610300,17031835500,364,2020-10-12
17031611000,17031835500,82,2020-10-12
17031611100,17031835500,99,2020-10-12
17031611200,17031835500,85,2020-10-12
17031611400,17031835500,159,2020-10-12
17031611500,17031835500,70,2020-10-12
17031650100,17031835500,158,2020-10-12
17031650301,17031835500,70,2020-10-12
17031650500,17031835500,82,2020-10-12
17031660900,17031835500,155,2020-10-12
17031691300,17031835500,141,2020-10-12
17031814200,17031835500,83,2020-10-12
17031820103,17031835500,83,2020-10-12
17031821001,17031835500,96,2020-10-12
17031822900,17031835500,109,2020-10-12
17031823302,17031835500,92,2020-10-12
17031824300,17031835500,83,2020-10-12
17031830500,17031835500,99,2020-10-12
17031831400,17031835500,209,2020-10-12
17031833000,17031835500,70,2020-10-12
17031834600,17031835500,90,2020-10-12
17031835500,17031835500,565,2020-10-12
17031836800,17031835500,86,2020-10-12
17031838200,17031835500,177,2020-10-12
17031839000,17031835500,106,2020-10-12
17031839700,17031835500,147,2020-10-12
17031840200,17031835500,146,2020-10-12
17031840400,17031835500,83,2020-10-12
17031841000,17031835500,151,2020-10-12
17031841900,17031835500,176,2020-10-12
17031842000,17031835500,114,2020-10-12
17031842200,17031835500,125,2020-10-12
17031842400,17031835500,111,2020-10-12
17031842600,17031835500,524,2020-10-12
17031842800,17031835500,79,2020-10-12
17031842900,17031835500,184,2020-10-12
17031843200,17031835500,86,2020-10-12
18089042300,17031835500,307,2020-10-12
17031031900,17031835500,99,2020-10-19
17031040401,17031835500,123,2020-10-19
17031060200,17031835500,119,2020-10-19
17031062800,17031835500,96,2020-10-19
17031081100,17031835500,72,2020-10-19
17031081300,17031835500,265,2020-10-19
17031081403,17031835500,272,2020-10-19
17031081500,17031835500,198,2020-10-19
17031081700,17031835500,85,2020-10-19
17031140200,17031835500,100,2020-10-19
17031221000,17031835500,77,2020-10-19
17031242600,17031835500,100,2020-10-19
17031350100,17031835500,117,2020-10-19
17031380100,17031835500,96,2020-10-19
17031381500,17031835500,141,2020-10-19
17031431301,17031835500,107,2020-10-19
17031440201,17031835500,109,2020-10-19
17031440300,17031835500,199,2020-10-19
17031580800,17031835500,75,2020-10-19
17031610300,17031835500,465,2020-10-19
17031611000,17031835500,83,2020-10-19
17031611100,17031835500,106,2020-10-19
17031611200,17031835500,96,2020-10-19
17031611400,17031835500,151,2020-10-19
17031670900,17031835500,106,2020-10-19
17031681200,17031835500,90,2020-10-19
17031814200,17031835500,79,2020-10-19
17031817102,17031835500,84,2020-10-19
17031820901,17031835500,90,2020-10-19
17031821800,17031835500,94,2020-10-19
17031824123,17031835500,96,2020-10-19
17031828702,17031835500,141,2020-10-19
17031830500,17031835500,111,2020-10-19
17031832100,17031835500,82,2020-10-19
17031835500,17031835500,381,2020-10-19
17031835600,17031835500,77,2020-10-19
17031835800,17031835500,91,2020-10-19
17031838200,17031835500,182,2020-10-19
17031839100,17031835500,216,2020-10-19
17031839800,17031835500,79,2020-10-19
17031840100,17031835500,101,2020-10-19
17031840200,17031835500,95,2020-10-19
17031842200,17031835500,174,2020-10-19
17031842400,17031835500,76,2020-10-19
17031842600,17031835500,889,2020-10-19
17031843000,17031835500,114,2020-10-19
17031843300,17031835500,151,2020-10-19
17031843400,17031835500,87,2020-10-19
17031843500,17031835500,118,2020-10-19
17031020902,17031835500,104,2020-10-26
17031031900,17031835500,88,2020-10-26
17031070500,17031835500,97,2020-10-26
17031080300,17031835500,175,2020-10-26
17031080400,17031835500,207,2020-10-26
17031081300,17031835500,196,2020-10-26
17031081403,17031835500,160,2020-10-26
17031231200,17031835500,80,2020-10-26
17031271300,17031835500,119,2020-10-26
17031281900,17031835500,89,2020-10-26
17031330100,17031835500,95,2020-10-26
17031340400,17031835500,73,2020-10-26
17031380200,17031835500,106,2020-10-26
17031390400,17031835500,121,2020-10-26
17031410800,17031835500,111,2020-10-26
17031420800,17031835500,348,2020-10-26
17031440201,17031835500,118,2020-10-26
17031520300,17031835500,89,2020-10-26
17031580502,17031835500,135,2020-10-26
17031580800,17031835500,89,2020-10-26
17031600400,17031835500,121,2020-10-26
17031610300,17031835500,272,2020-10-26
17031610400,17031835500,79,2020-10-26
17031610800,17031835500,133,2020-10-26
17031611000,17031835500,88,2020-10-26
17031611400,17031835500,94,2020-10-26
17031814200,17031835500,404,2020-10-26
17031820901,17031835500,213,2020-10-26
17031821401,17031835500,88,2020-10-26
17031823803,17031835500,97,2020-10-26
17031824701,17031835500,84,2020-10-26
17031830500,17031835500,114,2020-10-26
17031834000,17031835500,121,2020-10-26
17031835500,17031835500,474,2020-10-26
17031835600,17031835500,97,2020-10-26
17031836200,17031835500,118,2020-10-26
17031838100,17031835500,133,2020-10-26
17031838200,17031835500,160,2020-10-26
17031839100,17031835500,186,2020-10-26
17031839200,17031835500,176,2020-10-26
17031839500,17031835500,80,2020-10-26
17031839800,17031835500,96,2020-10-26
17031840000,17031835500,122,2020-10-26
17031840400,17031835500,81,2020-10-26
17031841100,17031835500,134,2020-10-26
17031841900,17031835500,427,2020-10-26
17031842000,17031835500,167,2020-10-26
17031842600,17031835500,119,2020-10-26
17031843000,17031835500,112,2020-10-26
17031843200,17031835500,139,2020-10-26
17031980000,17031835500,128,2020-10-26
18089042300,17031835500,110,2020-10-26
18089042801,17031835500,117,2020-10-26
18127050407,17031835500,78,2020-10-26
17031020902,17031835500,83,2020-11-02
17031031900,17031835500,111,2020-11-02
17031050300,17031835500,133,2020-11-02
17031080100,17031835500,164,2020-11-02
17031080300,17031835500,82,2020-11-02
17031081201,17031835500,172,2020-11-02
17031081300,17031835500,176,2020-11-02
17031081401,17031835500,77,2020-11-02
17031081500,17031835500,352,2020-11-02
17031081700,17031835500,191,2020-11-02
17031221500,17031835500,122,2020-11-02
17031231200,17031835500,88,2020-11-02
17031243200,17031835500,83,2020-11-02
17031271300,17031835500,242,2020-11-02
17031330100,17031835500,172,2020-11-02
17031380200,17031835500,107,2020-11-02
17031380700,17031835500,290,2020-11-02
17031381700,17031835500,102,2020-11-02
17031400300,17031835500,235,2020-11-02
17031420100,17031835500,90,2020-11-02
17031460500,17031835500,82,2020-11-02
17031580100,17031835500,82,2020-11-02
17031580800,17031835500,72,2020-11-02
17031600400,17031835500,85,2020-11-02
17031610300,17031835500,386,2020-11-02
17031611000,17031835500,90,2020-11-02
17031611200,17031835500,113,2020-11-02
17031611300,17031835500,159,2020-11-02
17031640700,17031835500,78,2020-11-02
17031650500,17031835500,82,2020-11-02
17031670700,17031835500,97,2020-11-02
17031681000,17031835500,86,2020-11-02
17031700501,17031835500,95,2020-11-02
17031710200,17031835500,113,2020-11-02
17031730400,17031835500,94,2020-11-02
17031817300,17031835500,121,2020-11-02
17031818000,17031835500,197,2020-11-02
17031820901,17031835500,89,2020-11-02
17031822801,17031835500,90,2020-11-02
17031823302,17031835500,105,2020-11-02
17031830500,17031835500,205,2020-11-02
17031832300,17031835500,101,2020-11-02
17031835500,17031835500,507,2020-11-02
17031836200,17031835500,158,2020-11-02
17031838800,17031835500,189,2020-11-02
17031839000,17031835500,81,2020-11-02
17031840000,17031835500,102,2020-11-02
17031840400,17031835500,177,2020-11-02
17031842000,17031835500,106,2020-11-02
17031842100,17031835500,94,2020-11-02
17031842200,17031835500,161,2020-11-02
17031842300,17031835500,101,2020-11-02
17031842600,17031835500,579,2020-11-02
17031842900,17031835500,78,2020-11-02
17031843700,17031835500,82,2020-11-02
17089852905,17031835500,174,2020-11-02
18089042300,17031835500,149,2020-11-02
18089043002,17031835500,124,2020-11-02
17031030800,17031835500,86,2020-11-09
17031062800,17031835500,107,2020-11-09
17031071800,17031835500,75,2020-11-09
17031081201,17031835500,112,2020-11-09
17031081300,17031835500,103,2020-11-09
17031081800,17031835500,83,2020-11-09
17031140301,17031835500,112,2020-11-09
17031231200,17031835500,112,2020-11-09
17031240900,17031835500,121,2020-11-09
17031271200,17031835500,152,2020-11-09
17031271300,17031835500,117,2020-11-09
17031320100,17031835500,237,2020-11-09
17031330200,17031835500,108,2020-11-09
17031380700,17031835500,278,2020-11-09
17031411000,17031835500,166,2020-11-09
17031560400,17031835500,117,2020-11-09
17031570100,17031835500,109,2020-11-09
17031570200,17031835500,174,2020-11-09
17031580502,17031835500,233,2020-11-09
17031580600,17031835500,91,2020-11-09
17031600400,17031835500,89,2020-11-09
17031610300,17031835500,452,2020-11-09
17031611300,17031835500,91,2020-11-09
17031611900,17031835500,163,2020-11-09
17031670500,17031835500,115,2020-11-09
17031710200,17031835500,155,2020-11-09
17031806900,17031835500,82,2020-11-09
17031808002,17031835500,108,2020-11-09
17031814200,17031835500,86,2020-11-09
17031820901,17031835500,94,2020-11-09
17031820902,17031835500,81,2020-11-09
17031825802,17031835500,75,2020-11-09
17031833000,17031835500,129,2020-11-09
17031835500,17031835500,428,2020-11-09
17031835700,17031835500,121,2020-11-09
17031835800,17031835500,75,2020-11-09
17031835900,17031835500,108,2020-11-09
17031836200,17031835500,404,2020-11-09
17031836300,17031835500,149,2020-11-09
17031839800,17031835500,109,2020-11-09
17031840000,17031835500,102,2020-11-09
17031841100,17031835500,131,2020-11-09
17031841900,17031835500,95,2020-11-09
17031842000,17031835500,128,2020-11-09
17031842600,17031835500,258,2020-11-09
17031842800,17031835500,103,2020-11-09
17031843000,17031835500,118,2020-11-09
17031843200,17031835500,101,2020-11-09
17031843700,17031835500,91,2020-11-09
17043844601,17031835500,199,2020-11-09
17031030400,17031835500,92,2020-11-16
17031062100,17031835500,103,2020-11-16
17031080100,17031835500,112,2020-11-16
17031080300,17031835500,76,2020-11-16
17031081201,17031835500,304,2020-11-16
17031081300,17031835500,202,2020-11-16
17031081500,17031835500,115,2020-11-16
17031081700,17031835500,92,2020-11-16
17031140800,17031835500,134,2020-11-16
17031170100,17031835500,115,2020-11-16
17031221300,17031835500,90,2020-11-16
17031271800,17031835500,76,2020-11-16
17031280100,17031835500,95,2020-11-16
17031281900,17031835500,179,2020-11-16
17031300600,17031835500,100,2020-11-16
17031301702,17031835500,165,2020-11-16
17031310500,17031835500,239,2020-11-16
17031330200,17031835500,138,2020-11-16
17031340500,17031835500,117,2020-11-16
17031351000,17031835500,95,2020-11-16
17031380100,17031835500,362,2020-11-16
17031381500,17031835500,146,2020-11-16
17031390400,17031835500,150,2020-11-16
17031421200,17031835500,102,2020-11-16
17031580100,17031835500,131,2020-11-16
17031590600,17031835500,116,2020-11-16
17031600400,17031835500,87,2020-11-16
17031610300,17031835500,909,2020-11-16
17031610400,17031835500,269,2020-11-16
17031611000,17031835500,106,2020-11-16
17031611200,17031835500,107,2020-11-16
17031611300,17031835500,107,2020-11-16
17031700301,17031835500,87,2020-11-16
17031808002,17031835500,115,2020-11-16
17031813801,17031835500,109,2020-11-16
17031814200,17031835500,90,2020-11-16
17031820901,17031835500,96,2020-11-16
17031822101,17031835500,108,2020-11-16
17031828201,17031835500,119,2020-11-16
17031830500,17031835500,237,2020-11-16
17031831400,17031835500,110,2020-11-16
17031832900,17031835500,211,2020-11-16
17031835500,17031835500,411,2020-11-16
17031835900,17031835500,107,2020-11-16
17031836200,17031835500,306,2020-11-16
17031836300,17031835500,144,2020-11-16
17031839000,17031835500,89,2020-11-16
17031839100,17031835500,118,2020-11-16
17031839200,17031835500,131,2020-11-16
17031839600,17031835500,87,2020-11-16
17031839900,17031835500,145,2020-11-16
17031841000,17031835500,136,2020-11-16
17031841100,17031835500,95,2020-11-16
17031842000,17031835500,147,2020-11-16
17031842200,17031835500,231,2020-11-16
17031842400,17031835500,124,2020-11-16
17031842600,17031835500,186,2020-11-16
17031843300,17031835500,137,2020-11-16
17043846702,17031835500,83,2020-11-16
18089021100,17031835500,135,2020-11-16
17031020702,17031835500,97,2020-11-23
17031061000,17031835500,94,2020-11-23
17031080300,17031835500,90,2020-11-23
17031081100,17031835500,84,2020-11-23
17031081201,17031835500,99,2020-11-23
17031081202,17031835500,85,2020-11-23
17031081300,17031835500,91,2020-11-23
17031081402,17031835500,80,2020-11-23
17031271300,17031835500,130,2020-11-23
17031310600,17031835500,84,2020-11-23
17031340500,17031835500,77,2020-11-23
17031380100,17031835500,112,2020-11-23
17031381200,17031835500,77,2020-11-23
17031381700,17031835500,126,2020-11-23
17031410800,17031835500,88,2020-11-23
17031420400,17031835500,120,2020-11-23
17031420700,17031835500,81,2020-11-23
17031510200,17031835500,84,2020-11-23
17031520300,17031835500,77,2020-11-23
17031600400,17031835500,84,2020-11-23
17031610300,17031835500,537,2020-11-23
17031611200,17031835500,106,2020-11-23
17031620100,17031835500,181,2020-11-23
17031770700,17031835500,82,2020-11-23
17031808002,17031835500,108,2020-11-23
17031814200,17031835500,87,2020-11-23
17031823001,17031835500,200,2020-11-23
17031826201,17031835500,103,2020-11-23
17031829902,17031835500,95,2020-11-23
17031831500,17031835500,118,2020-11-23
17031832000,17031835500,88,2020-11-23
17031834000,17031835500,98,2020-11-23
17031835000,17031835500,88,2020-11-23
17031835500,17031835500,433,2020-11-23
17031838100,17031835500,157,2020-11-23
17031838800,17031835500,106,2020-11-23
17031839100,17031835500,201,2020-11-23
17031839200,17031835500,103,2020-11-23
17031839900,17031835500,128,2020-11-23
17031840400,17031835500,79,2020-11-23
17031841100,17031835500,77,2020-11-23
17031842400,17031835500,89,2020-11-23
17031842600,17031835500,240,2020-11-23
17031843600,17031835500,99,2020-11-23
17031843900,17031835500,77,2020-11-23
17097862000,17031835500,110,2020-11-23
18089042300,17031835500,80,2020-11-23
17031081100,17031835500,97,2020-11-30
17031081201,17031835500,188,2020-11-30
17031081202,17031835500,138,2020-11-30
17031081300,17031835500,89,2020-11-30
17031081401,17031835500,750,2020-11-30
17031081500,17031835500,99,2020-11-30
17031081700,17031835500,88,2020-11-30
17031081800,17031835500,254,2020-11-30
17031200300,17031835500,204,2020-11-30
17031301702,17031835500,125,2020-11-30
17031320100,17031835500,111,2020-11-30
17031320400,17031835500,92,2020-11-30
17031351100,17031835500,94,2020-11-30
17031380500,17031835500,93,2020-11-30
17031390100,17031835500,197,2020-11-30
17031390300,17031835500,123,2020-11-30
17031450300,17031835500,82,2020-11-30
17031580100,17031835500,97,2020-11-30
17031580800,17031835500,229,2020-11-30
17031590700,17031835500,233,2020-11-30
17031610300,17031835500,302,2020-11-30
17031813801,17031835500,103,2020-11-30
17031814200,17031835500,225,2020-11-30
17031822801,17031835500,102,2020-11-30
17031823001,17031835500,115,2020-11-30
17031833000,17031835500,122,2020-11-30
17031835500,17031835500,75,2020-11-30
17031835600,17031835500,82,2020-11-30
17031835800,17031835500,93,2020-11-30
17031839100,17031835500,99,2020-11-30
17031839900,17031835500,334,2020-11-30
17031840400,17031835500,223,2020-11-30
17031841100,17031835500,85,2020-11-30
17031841900,17031835500,177,2020-11-30
17031842000,17031835500,128,2020-11-30
17031842600,17031835500,527,2020-11-30
17031842800,17031835500,171,2020-11-30
17031842900,17031835500,90,2020-11-30
17031843200,17031835500,79,2020-11-30
17031980100,17031835500,96,2020-11-30
18089020100,17031835500,82,2020-11-30
17031020702,17031835500,87,2020-12-07
17031031502,17031835500,92,2020-12-07
17031032100,17031835500,213,2020-12-07
17031080300,17031835500,98,2020-12-07
17031081100,17031835500,150,2020-12-07
17031081201,17031835500,235,2020-12-07
17031081300,17031835500,92,2020-12-07
17031081403,17031835500,110,2020-12-07
17031081500,17031835500,101,2020-12-07
17031081600,17031835500,210,2020-12-07
17031081700,17031835500,75,2020-12-07
17031081800,17031835500,82,2020-12-07
17031200300,17031835500,94,2020-12-07
17031220902,17031835500,84,2020-12-07
17031221600,17031835500,80,2020-12-07
17031320400,17031835500,89,2020-12-07
17031330200,17031835500,168,2020-12-07
17031340400,17031835500,118,2020-12-07
17031380700,17031835500,198,2020-12-07
17031381400,17031835500,87,2020-12-07
17031410100,17031835500,81,2020-12-07
17031410700,17031835500,135,2020-12-07
17031430300,17031835500,101,2020-12-07
17031440202,17031835500,111,2020-12-07
17031560700,17031835500,91,2020-12-07
17031570200,17031835500,86,2020-12-07
17031580502,17031835500,289,2020-12-07
17031590500,17031835500,105,2020-12-07
17031610300,17031835500,675,2020-12-07
17031611000,17031835500,96,2020-12-07
17031611200,17031835500,161,2020-12-07
17031611300,17031835500,129,2020-12-07
17031611800,17031835500,155,2020-12-07
17031710900,17031835500,120,2020-12-07
17031802802,17031835500,98,2020-12-07
17031808002,17031835500,90,2020-12-07
17031814200,17031835500,83,2020-12-07
17031814800,17031835500,115,2020-12-07
17031820800,17031835500,97,2020-12-07
17031820902,17031835500,169,2020-12-07
17031830700,17031835500,86,2020-12-07
17031831900,17031835500,75,2020-12-07
17031835500,17031835500,325,2020-12-07
17031836300,17031835500,132,2020-12-07
17031838100,17031835500,117,2020-12-07
17031839100,17031835500,231,2020-12-07
17031839200,17031835500,194,2020-12-07
17031839800,17031835500,91,2020-12-07
17031839900,17031835500,294,2020-12-07
17031840300,17031835500,83,2020-12-07
17031840400,17031835500,81,2020-12-07
17031841200,17031835500,75,2020-12-07
17031842000,17031835500,122,2020-12-07
17031843600,17031835500,98,2020-12-07
17031061901,17031835500,140,2020-12-14
17031081201,17031835500,119,2020-12-14
17031081300,17031835500,85,2020-12-14
17031081401,17031835500,225,2020-12-14
17031081402,17031835500,137,2020-12-14
17031081600,17031835500,447,2020-12-14
17031081700,17031835500,601,2020-12-14
17031160900,17031835500,111,2020-12-14
17031200300,17031835500,157,2020-12-14
17031230500,17031835500,104,2020-12-14
17031230900,17031835500,126,2020-12-14
17031300600,17031835500,94,2020-12-14
17031301200,17031835500,116,2020-12-14
17031310600,17031835500,87,2020-12-14
17031320100,17031835500,189,2020-12-14
17031330100,17031835500,132,2020-12-14
17031340500,17031835500,105,2020-12-14
17031351400,17031835500,77,2020-12-14
17031381700,17031835500,92,2020-12-14
17031390100,17031835500,104,2020-12-14
17031420500,17031835500,123,2020-12-14
17031560300,17031835500,94,2020-12-14
17031560700,17031835500,79,2020-12-14
17031570200,17031835500,174,2020-12-14
17031580100,17031835500,94,2020-12-14
17031580600,17031835500,84,2020-12-14
17031590700,17031835500,149,2020-12-14
17031610300,17031835500,332,2020-12-14
17031611400,17031835500,96,2020-12-14
17031630200,17031835500,135,2020-12-14
17031630800,17031835500,113,2020-12-14
17031802802,17031835500,411,2020-12-14
17031805111,17031835500,133,2020-12-14
17031809900,17031835500,75,2020-12-14
17031814300,17031835500,120,2020-12-14
17031820901,17031835500,99,2020-12-14
17031820902,17031835500,88,2020-12-14
17031822900,17031835500,86,2020-12-14
17031823001,17031835500,75,2020-12-14
17031824115,17031835500,81,2020-12-14
17031830500,17031835500,108,2020-12-14
17031835500,17031835500,389,2020-12-14
17031836000,17031835500,134,2020-12-14
17031836300,17031835500,130,2020-12-14
17031840200,17031835500,95,2020-12-14
17031840400,17031835500,350,2020-12-14
17031841900,17031835500,85,2020-12-14
17031842200,17031835500,201,2020-12-14
17031842600,17031835500,719,2020-12-14
17031842800,17031835500,212,2020-12-14
17031843200,17031835500,83,2020-12-14
17043844307,17031835500,99,2020-12-14
18089042300,17031835500,71,2020-12-14
17031031300,17031835500,124,2020-12-21
17031062900,17031835500,78,2020-12-21
17031160502,17031835500,78,2020-12-21
17031210100,17031835500,102,2020-12-21
17031210501,17031835500,106,2020-12-21
17031221100,17031835500,91,2020-12-21
17031231200,17031835500,162,2020-12-21
17031242400,17031835500,128,2020-12-21
17031290900,17031835500,162,2020-12-21
17031310200,17031835500,81,2020-12-21
17031340400,17031835500,200,2020-12-21
17031351400,17031835500,84,2020-12-21
17031380100,17031835500,124,2020-12-21
17031381700,17031835500,108,2020-12-21
17031420400,17031835500,121,2020-12-21
17031430800,17031835500,89,2020-12-21
17031460302,17031835500,108,2020-12-21
17031560400,17031835500,92,2020-12-21
17031560700,17031835500,90,2020-12-21
17031570100,17031835500,97,2020-12-21
17031570200,17031835500,111,2020-12-21
17031580800,17031835500,250,2020-12-21
17031610300,17031835500,289,2020-12-21
17031611000,17031835500,100,2020-12-21
17031620100,17031835500,83,2020-12-21
17031620200,17031835500,193,2020-12-21
17031630200,17031835500,83,2020-12-21
17031650500,17031835500,129,2020-12-21
17031661000,17031835500,91,2020-12-21
17031700100,17031835500,102,2020-12-21
17031802702,17031835500,97,2020-12-21
17031817900,17031835500,120,2020-12-21
17031820902,17031835500,85,2020-12-21
17031821600,17031835500,120,2020-12-21
17031825000,17031835500,101,2020-12-21
17031830700,17031835500,196,2020-12-21
17031830900,17031835500,349,2020-12-21
17031832300,17031835500,90,2020-12-21
17031835500,17031835500,369,2020-12-21
17031840200,17031835500,99,2020-12-21
17031840400,17031835500,84,2020-12-21
17031841100,17031835500,122,2020-12-21
17031841900,17031835500,105,2020-12-21
17031842400,17031835500,99,2020-12-21
17031842600,17031835500,299,2020-12-21
17031843200,17031835500,170,2020-12-21
17031031501,17031835500,122,2020-12-28
17031061901,17031835500,126,2020-12-28
17031080201,17031835500,121,2020-12-28
17031080300,17031835500,87,2020-12-28
17031081300,17031835500,78,2020-12-28
17031081401,17031835500,85,2020-12-28
17031081402,17031835500,138,2020-12-28
17031081403,17031835500,228,2020-12-28
17031161200,17031835500,104,2020-12-28
17031220500,17031835500,138,2020-12-28
17031280100,17031835500,99,2020-12-28
17031300600,17031835500,293,2020-12-28
17031330100,17031835500,177,2020-12-28
17031350400,17031835500,251,2020-12-28
17031381700,17031835500,117,2020-12-28
17031381800,17031835500,108,2020-12-28
17031381900,17031835500,110,2020-12-28
17031400400,17031835500,160,2020-12-28
17031410800,17031835500,79,2020-12-28
17031411000,17031835500,85,2020-12-28
17031490902,17031835500,85,2020-12-28
17031570200,17031835500,95,2020-12-28
17031570300,17031835500,117,2020-12-28
17031600400,17031835500,84,2020-12-28
17031610300,17031835500,716,2020-12-28
17031610400,17031835500,88,2020-12-28
17031611000,17031835500,102,2020-12-28
17031611100,17031835500,110,2020-12-28
17031611300,17031835500,167,2020-12-28
17031611400,17031835500,95,2020-12-28
17031620200,17031835500,101,2020-12-28
17031650301,17031835500,118,2020-12-28
17031671900,17031835500,80,2020-12-28
17031700301,17031835500,189,2020-12-28
17031815200,17031835500,146,2020-12-28
17031817900,17031835500,119,2020-12-28
17031820901,17031835500,139,2020-12-28
17031821102,17031835500,191,2020-12-28
17031823001,17031835500,89,2020-12-28
17031827902,17031835500,79,2020-12-28
17031830900,17031835500,90,2020-12-28
17031832600,17031835500,76,2020-12-28
17031833100,17031835500,177,2020-12-28
17031834300,17031835500,80,2020-12-28
17031835100,17031835500,76,2020-12-28
17031835500,17031835500,381,2020-12-28
17031836100,17031835500,109,2020-12-28
17031836200,17031835500,187,2020-12-28
17031839800,17031835500,90,2020-12-28
17031840200,17031835500,172,2020-12-28
17031840400,17031835500,244,2020-12-28
17031841900,17031835500,168,2020-12-28
17031842200,17031835500,85,2020-12-28
17031842600,17031835500,659,2020-12-28
17031842800,17031835500,90,2020-12-28
17031843200,17031835500,224,2020-12-28
17031062900,17031835500,133,2021-01-04
17031070700,17031835500,102,2021-01-04
17031080202,17031835500,115,2021-01-04
17031081403,17031835500,116,2021-01-04
17031081500,17031835500,87,2021-01-04
17031081800,17031835500,74,2021-01-04
17031230900,17031835500,117,2021-01-04
17031351100,17031835500,85,2021-01-04
17031381400,17031835500,89,2021-01-04
17031381900,17031835500,135,2021-01-04
17031390300,17031835500,89,2021-01-04
17031400300,17031835500,123,2021-01-04
17031400400,17031835500,88,2021-01-04
17031570200,17031835500,96,2021-01-04
17031570300,17031835500,124,2021-01-04
17031580400,17031835500,74,2021-01-04
17031600400,17031835500,177,2021-01-04
17031610300,17031835500,392,2021-01-04
17031611200,17031835500,219,2021-01-04
17031611300,17031835500,154,2021-01-04
17031620100,17031835500,94,2021-01-04
17031650500,17031835500,119,2021-01-04
17031660800,17031835500,119,2021-01-04
17031661000,17031835500,120,2021-01-04
17031691300,17031835500,99,2021-01-04
17031802801,17031835500,84,2021-01-04
17031802802,17031835500,197,2021-01-04
17031814200,17031835500,203,2021-01-04
17031817300,17031835500,118,2021-01-04
17031820901,17031835500,83,2021-01-04
17031820902,17031835500,160,2021-01-04
17031833100,17031835500,87,2021-01-04
17031834600,17031835500,108,2021-01-04
17031835500,17031835500,619,2021-01-04
17031835600,17031835500,86,2021-01-04
17031835900,17031835500,106,2021-01-04
17031836300,17031835500,128,2021-01-04
17031836400,17031835500,107,2021-01-04
17031838100,17031835500,84,2021-01-04
17031839800,17031835500,102,2021-01-04
17031839900,17031835500,83,2021-01-04
17031840200,17031835500,93,2021-01-04
17031841000,17031835500,169,2021-01-04
17031841100,17031835500,216,2021-01-04
17031842400,17031835500,253,2021-01-04
17031842600,17031835500,458,2021-01-04
17031842800,17031835500,200,2021-01-04
17031843000,17031835500,234,2021-01-04
17031843800,17031835500,110,2021-01-04
17031051100,17031835500,115,2021-01-11
17031060800,17031835500,91,2021-01-11
17031080202,17031835500,108,2021-01-11
17031080300,17031835500,102,2021-01-11
17031081403,17031835500,106,2021-01-11
17031081500,17031835500,76,2021-01-11
17031081600,17031835500,263,2021-01-11
17031081700,17031835500,88,2021-01-11
17031081800,17031835500,477,2021-01-11
17031241500,17031835500,96,2021-01-11
17031241600,17031835500,103,2021-01-11
17031280800,17031835500,102,2021-01-11
17031281900,17031835500,96,2021-01-11
17031340400,17031835500,124,2021-01-11
17031340600,17031835500,163,2021-01-11
17031351100,17031835500,107,2021-01-11
17031380500,17031835500,218,2021-01-11
17031381700,17031835500,107,2021-01-11
17031390100,17031835500,115,2021-01-11
17031400400,17031835500,100,2021-01-11
17031411000,17031835500,140,2021-01-11
17031430500,17031835500,111,2021-01-11
17031440300,17031835500,111,2021-01-11
17031480500,17031835500,131,2021-01-11
17031610300,17031835500,273,2021-01-11
17031610400,17031835500,158,2021-01-11
17031611000,17031835500,101,2021-01-11
17031611400,17031835500,97,2021-01-11
17031672000,17031835500,91,2021-01-11
17031770602,17031835500,185,2021-01-11
17031802802,17031835500,144,2021-01-11
17031818000,17031835500,102,2021-01-11
17031820202,17031835500,87,2021-01-11
17031822102,17031835500,134,2021-01-11
17031826202,17031835500,78,2021-01-11
17031835500,17031835500,653,2021-01-11
17031835800,17031835500,99,2021-01-11
17031836300,17031835500,134,2021-01-11
17031838100,17031835500,199,2021-01-11
17031839000,17031835500,89,2021-01-11
17031840200,17031835500,90,2021-01-11
17031841900,17031835500,179,2021-01-11
17031842000,17031835500,257,2021-01-11
17031842600,17031835500,425,2021-01-11
17031842800,17031835500,101,2021-01-11
17031843300,17031835500,215,2021-01-11
17031070200,17031835500,88,2021-01-18
17031081100,17031835500,196,2021-01-18
17031081202,17031835500,79,2021-01-18
17031081403,17031835500,121,2021-01-18
17031081500,17031835500,113,2021-01-18
17031081700,17031835500,523,2021-01-18
17031081800,17031835500,104,2021-01-18
17031160800,17031835500,120,2021-01-18
17031190100,17031835500,139,2021-01-18
17031200401,17031835500,141,2021-01-18
17031220500,17031835500,113,2021-01-18
17031230600,17031835500,108,2021-01-18
17031230900,17031835500,140,2021-01-18
17031320100,17031835500,178,2021-01-18
17031390400,17031835500,151,2021-01-18
17031400300,17031835500,129,2021-01-18
17031560700,17031835500,99,2021-01-18
17031590600,17031835500,151,2021-01-18
17031610300,17031835500,297,2021-01-18
17031611000,17031835500,93,2021-01-18
17031630200,17031835500,91,2021-01-18
17031802702,17031835500,135,2021-01-18
17031813801,17031835500,79,2021-01-18
17031814200,17031835500,93,2021-01-18
17031817300,17031835500,132,2021-01-18
17031818000,17031835500,269,2021-01-18
17031826402,17031835500,84,2021-01-18
17031827200,17031835500,212,2021-01-18
17031827802,17031835500,107,2021-01-18
17031832300,17031835500,99,2021-01-18
17031832600,17031835500,79,2021-01-18
17031834800,17031835500,110,2021-01-18
17031835500,17031835500,487,2021-01-18
17031835600,17031835500,79,2021-01-18
17031836300,17031835500,140,2021-01-18
17031839100,17031835500,97,2021-01-18
17031839900,17031835500,90,2021-01-18
17031841100,17031835500,296,2021-01-18
17031841900,17031835500,83,2021-01-18
17031842000,17031835500,291,2021-01-18
17031842600,17031835500,750,2021-01-18
17031842800,17031835500,86,2021-01-18
17197880109,17031835500,96,2021-01-18
17197883602,17031835500,99,2021-01-18
17031080400,17031835500,184,2021-01-25
17031081401,17031835500,113,2021-01-25
17031081500,17031835500,79,2021-01-25
17031081700,17031835500,100,2021-01-25
17031081800,17031835500,184,2021-01-25
17031230400,17031835500,114,2021-01-25
17031280100,17031835500,134,2021-01-25
17031310600,17031835500,108,2021-01-25
17031320100,17031835500,85,2021-01-25
17031351000,17031835500,113,2021-01-25
17031351400,17031835500,125,2021-01-25
17031380700,17031835500,322,2021-01-25
17031381400,17031835500,105,2021-01-25
17031381700,17031835500,119,2021-01-25
17031400300,17031835500,125,2021-01-25
17031410800,17031835500,165,2021-01-25
17031411000,17031835500,140,2021-01-25
17031420200,17031835500,154,2021-01-25
17031510200,17031835500,100,2021-01-25
17031590500,17031835500,102,2021-01-25
17031610300,17031835500,525,2021-01-25
17031611000,17031835500,89,2021-01-25
17031611300,17031835500,83,2021-01-25
17031611700,17031835500,226,2021-01-25
17031611800,17031835500,90,2021-01-25
17031814200,17031835500,185,2021-01-25
17031816800,17031835500,95,2021-01-25
17031817102,17031835500,96,2021-01-25
17031817900,17031835500,128,2021-01-25
17031820902,17031835500,87,2021-01-25
17031824900,17031835500,126,2021-01-25
17031831500,17031835500,89,2021-01-25
17031833100,17031835500,98,2021-01-25
17031835100,17031835500,79,2021-01-25
17031835500,17031835500,482,2021-01-25
17031836300,17031835500,98,2021-01-25
17031838100,17031835500,87,2021-01-25
17031838200,17031835500,93,2021-01-25
17031839500,17031835500,131,2021-01-25
17031839700,17031835500,169,2021-01-25
17031839900,17031835500,217,2021-01-25
17031840700,17031835500,101,2021-01-25
17031841900,17031835500,87,2021-01-25
17031842000,17031835500,448,2021-01-25
17031842200,17031835500,172,2021-01-25
17031842400,17031835500,105,2021-01-25
17031842600,17031835500,593,2021-01-25
17031842900,17031835500,180,2021-01-25
17031031700,17031835500,167,2021-02-01
17031062900,17031835500,94,2021-02-01
17031063200,17031835500,103,2021-02-01
17031070700,17031835500,109,2021-02-01
17031080300,17031835500,106,2021-02-01
17031081201,17031835500,87,2021-02-01
17031081403,17031835500,80,2021-02-01
17031251800,17031835500,164,2021-02-01
17031310500,17031835500,97,2021-02-01
17031310700,17031835500,99,2021-02-01
17031310800,17031835500,124,2021-02-01
17031351000,17031835500,182,2021-02-01
17031351100,17031835500,98,2021-02-01
17031420200,17031835500,152,2021-02-01
17031420500,17031835500,168,2021-02-01
17031600400,17031835500,93,2021-02-01
17031610300,17031835500,267,2021-02-01
17031610800,17031835500,164,2021-02-01
17031611000,17031835500,104,2021-02-01
17031611200,17031835500,80,2021-02-01
17031630200,17031835500,80,2021-02-01
17031650100,17031835500,94,2021-02-01
17031671200,17031835500,93,2021-02-01
17031671500,17031835500,138,2021-02-01
17031691300,17031835500,149,2021-02-01
17031813801,17031835500,115,2021-02-01
17031820800,17031835500,103,2021-02-01
17031820901,17031835500,99,2021-02-01
17031820902,17031835500,464,2021-02-01
17031826901,17031835500,130,2021-02-01
17031827500,17031835500,141,2021-02-01
17031827902,17031835500,124,2021-02-01
17031830900,17031835500,89,2021-02-01
17031835500,17031835500,380,2021-02-01
17031835600,17031835500,152,2021-02-01
17031835700,17031835500,125,2021-02-01
17031839000,17031835500,114,2021-02-01
17031840200,17031835500,112,2021-02-01
17031840400,17031835500,188,2021-02-01
17031841000,17031835500,189,2021-02-01
17031841100,17031835500,124,2021-02-01
17031842000,17031835500,101,2021-02-01
17031842400,17031835500,213,2021-02-01
17031842600,17031835500,1139,2021-02-01
17031842800,17031835500,84,2021-02-01
17031843000,17031835500,132,2021-02-01
17197883514,17031835500,92,2021-02-01
17031071200,17031835500,101,2021-02-08
17031080300,17031835500,99,2021-02-08
17031081201,17031835500,106,2021-02-08
17031081500,17031835500,113,2021-02-08
17031081600,17031835500,106,2021-02-08
17031081700,17031835500,215,2021-02-08
17031221500,17031835500,98,2021-02-08
17031380700,17031835500,259,2021-02-08
17031381700,17031835500,94,2021-02-08
17031390100,17031835500,121,2021-02-08
17031570100,17031835500,86,2021-02-08
17031610300,17031835500,238,2021-02-08
17031610400,17031835500,103,2021-02-08
17031611300,17031835500,99,2021-02-08
17031691300,17031835500,89,2021-02-08
17031710600,17031835500,103,2021-02-08
17031802802,17031835500,106,2021-02-08
17031803400,17031835500,87,2021-02-08
17031805109,17031835500,205,2021-02-08
17031813701,17031835500,108,2021-02-08
17031814200,17031835500,93,2021-02-08
17031820901,17031835500,200,2021-02-08
17031820902,17031835500,88,2021-02-08
17031821001,17031835500,92,2021-02-08
17031822900,17031835500,313,2021-02-08
17031835500,17031835500,419,2021-02-08
17031835600,17031835500,97,2021-02-08
17031838100,17031835500,256,2021-02-08
17031840400,17031835500,169,2021-02-08
17031841100,17031835500,120,2021-02-08
17031841200,17031835500,90,2021-02-08
17031841900,17031835500,136,2021-02-08
17031842000,17031835500,157,2021-02-08
17031842400,17031835500,110,2021-02-08
17031842600,17031835500,507,2021-02-08
17031081500,17031835500,339,2021-02-15
17031140100,17031835500,91,2021-02-15
17031140800,17031835500,93,2021-02-15
17031230500,17031835500,90,2021-02-15
17031231200,17031835500,88,2021-02-15
17031280100,17031835500,101,2021-02-15
17031310600,17031835500,90,2021-02-15
17031320100,17031835500,132,2021-02-15
17031381700,17031835500,115,2021-02-15
17031390100,17031835500,105,2021-02-15
17031400300,17031835500,134,2021-02-15
17031440300,17031835500,94,2021-02-15
17031570300,17031835500,195,2021-02-15
17031580400,17031835500,80,2021-02-15
17031580800,17031835500,85,2021-02-15
17031600700,17031835500,115,2021-02-15
17031610300,17031835500,1025,2021-02-15
17031611000,17031835500,114,2021-02-15
17031611400,17031835500,181,2021-02-15
17031630400,17031835500,87,2021-02-15
17031650500,17031835500,95,2021-02-15
17031730201,17031835500,102,2021-02-15
17031802801,17031835500,95,2021-02-15
17031802802,17031835500,80,2021-02-15
17031803605,17031835500,87,2021-02-15
17031804709,17031835500,85,2021-02-15
17031820901,17031835500,96,2021-02-15
17031820902,17031835500,85,2021-02-15
17031824507,17031835500,93,2021-02-15
17031832300,17031835500,94,2021-02-15
17031834300,17031835500,106,2021-02-15
17031835500,17031835500,403,2021-02-15
17031835600,17031835500,80,2021-02-15
17031838200,17031835500,180,2021-02-15
17031839000,17031835500,98,2021-02-15
17031839200,17031835500,202,2021-02-15
17031839800,17031835500,88,2021-02-15
17031840000,17031835500,90,2021-02-15
17031840200,17031835500,141,2021-02-15
17031840400,17031835500,198,2021-02-15
17031841100,17031835500,140,2021-02-15
17031842600,17031835500,447,2021-02-15
17031842800,17031835500,87,2021-02-15
17031061100,17031835500,129,2021-02-22
17031080300,17031835500,188,2021-02-22
17031080400,17031835500,102,2021-02-22
17031081201,17031835500,99,2021-02-22
17031081401,17031835500,160,2021-02-22
17031081500,17031835500,106,2021-02-22
17031081700,17031835500,372,2021-02-22
17031081800,17031835500,103,2021-02-22
17031161100,17031835500,127,2021-02-22
17031241000,17031835500,110,2021-02-22
17031300800,17031835500,130,2021-02-22
17031310600,17031835500,86,2021-02-22
17031320100,17031835500,578,2021-02-22
17031320600,17031835500,168,2021-02-22
17031351100,17031835500,97,2021-02-22
17031390100,17031835500,117,2021-02-22
17031390300,17031835500,119,2021-02-22
17031400400,17031835500,107,2021-02-22
17031580200,17031835500,110,2021-02-22
17031580502,17031835500,136,2021-02-22
17031610300,17031835500,131,2021-02-22
17031611100,17031835500,100,2021-02-22
17031611200,17031835500,92,2021-02-22
17031611300,17031835500,253,2021-02-22
17031691200,17031835500,106,2021-02-22
17031730100,17031835500,273,2021-02-22
17031730300,17031835500,90,2021-02-22
17031802801,17031835500,97,2021-02-22
17031802802,17031835500,164,2021-02-22
17031804901,17031835500,173,2021-02-22
17031812900,17031835500,141,2021-02-22
17031822900,17031835500,140,2021-02-22
17031833000,17031835500,106,2021-02-22
17031835500,17031835500,461,2021-02-22
17031835600,17031835500,212,2021-02-22
17031835900,17031835500,212,2021-02-22
17031836300,17031835500,110,2021-02-22
17031837000,17031835500,166,2021-02-22
17031837400,17031835500,125,2021-02-22
17031838300,17031835500,141,2021-02-22
17031839000,17031835500,133,2021-02-22
17031839100,17031835500,561,2021-02-22
17031839900,17031835500,96,2021-02-22
17031840400,17031835500,100,2021-02-22
17031841100,17031835500,89,2021-02-22
17031841900,17031835500,100,2021-02-22
17031842000,17031835500,350,2021-02-22
17031842600,17031835500,1111,2021-02-22
17031842900,17031835500,106,2021-02-22
17031980000,17031835500,149,2021-02-22
18073101000,17031835500,104,2021-02-22
18089020200,17031835500,205,2021-02-22
18089021800,17031835500,115,2021-02-22
17031081403,17031835500,144,2021-03-01
17031081600,17031835500,466,2021-03-01
17031081700,17031835500,93,2021-03-01
17031140100,17031835500,150,2021-03-01
17031320100,17031835500,119,2021-03-01
17031330100,17031835500,104,2021-03-01
17031340400,17031835500,89,2021-03-01
17031351100,17031835500,93,2021-03-01
17031351400,17031835500,185,2021-03-01
17031381700,17031835500,142,2021-03-01
17031410500,17031835500,148,2021-03-01
17031460301,17031835500,95,2021-03-01
17031580800,17031835500,97,2021-03-01
17031610300,17031835500,368,2021-03-01
17031610400,17031835500,114,2021-03-01
17031611300,17031835500,103,2021-03-01
17031670500,17031835500,129,2021-03-01
17031691000,17031835500,99,2021-03-01
17031691300,17031835500,107,2021-03-01
17031802605,17031835500,89,2021-03-01
17031805109,17031835500,132,2021-03-01
17031808002,17031835500,109,2021-03-01
17031812900,17031835500,147,2021-03-01
17031813702,17031835500,94,2021-03-01
17031813900,17031835500,112,2021-03-01
17031814200,17031835500,212,2021-03-01
17031815600,17031835500,118,2021-03-01
17031818000,17031835500,229,2021-03-01
17031832300,17031835500,138,2021-03-01
17031834400,17031835500,163,2021-03-01
17031835500,17031835500,304,2021-03-01
17031835600,17031835500,99,2021-03-01
17031838100,17031835500,168,2021-03-01
17031839000,17031835500,119,2021-03-01
17031840200,17031835500,205,2021-03-01
17031840400,17031835500,118,2021-03-01
17031842400,17031835500,485,2021-03-01
17031842600,17031835500,915,2021-03-01
17031843200,17031835500,125,2021-03-01
17031843600,17031835500,98,2021-03-01
17031843800,17031835500,145,2021-03-01
18089010203,17031835500,96,2021-03-01
18089010400,17031835500,145,2021-03-01
18089020200,17031835500,86,2021-03-01
18089021800,17031835500,93,2021-03-01
17031081201,17031835500,84,2021-03-08
17031081401,17031835500,437,2021-03-08
17031081403,17031835500,562,2021-03-08
17031081500,17031835500,375,2021-03-08
17031081600,17031835500,237,2021-03-08
17031081700,17031835500,510,2021-03-08
17031081800,17031835500,84,2021-03-08
17031140800,17031835500,140,2021-03-08
17031230900,17031835500,144,2021-03-08
17031231200,17031835500,205,2021-03-08
17031240900,17031835500,124,2021-03-08
17031242000,17031835500,84,2021-03-08
17031281900,17031835500,109,2021-03-08
17031282700,17031835500,145,2021-03-08
17031320100,17031835500,347,2021-03-08
17031320400,17031835500,264,2021-03-08
17031350100,17031835500,152,2021-03-08
17031390300,17031835500,168,2021-03-08
17031400800,17031835500,144,2021-03-08
17031500100,17031835500,84,2021-03-08
17031510200,17031835500,243,2021-03-08
17031580800,17031835500,101,2021-03-08
17031600400,17031835500,98,2021-03-08
17031610300,17031835500,521,2021-03-08
17031610400,17031835500,113,2021-03-08
17031611500,17031835500,116,2021-03-08
17031611600,17031835500,94,2021-03-08
17031630800,17031835500,93,2021-03-08
17031691300,17031835500,85,2021-03-08
17031814200,17031835500,475,2021-03-08
17031818000,17031835500,137,2021-03-08
17031825700,17031835500,84,2021-03-08
17031827500,17031835500,111,2021-03-08
17031828000,17031835500,91,2021-03-08
17031830700,17031835500,112,2021-03-08
17031833000,17031835500,178,2021-03-08
17031833300,17031835500,118,2021-03-08
17031834000,17031835500,92,2021-03-08
17031835500,17031835500,484,2021-03-08
17031836300,17031835500,144,2021-03-08
17031836400,17031835500,128,2021-03-08
17031836500,17031835500,123,2021-03-08
17031839000,17031835500,136,2021-03-08
17031839100,17031835500,345,2021-03-08
17031839700,17031835500,112,2021-03-08
17031840000,17031835500,111,2021-03-08
17031840400,17031835500,225,2021-03-08
17031841100,17031835500,92,2021-03-08
17031841500,17031835500,114,2021-03-08
17031842300,17031835500,100,2021-03-08
17031842400,17031835500,265,2021-03-08
17031842600,17031835500,426,2021-03-08
17043845703,17031835500,117,2021-03-08
17197880117,17031835500,122,2021-03-08
18089020200,17031835500,138,2021-03-08
18089020400,17031835500,89,2021-03-08
17031032100,17031835500,104,2021-03-15
17031081100,17031835500,83,2021-03-15
17031081201,17031835500,96,2021-03-15
17031081402,17031835500,111,2021-03-15
17031081403,17031835500,524,2021-03-15
17031081500,17031835500,209,2021-03-15
17031081600,17031835500,157,2021-03-15
17031081700,17031835500,419,2021-03-15
17031140800,17031835500,93,2021-03-15
17031221600,17031835500,83,2021-03-15
17031230900,17031835500,151,2021-03-15
17031240700,17031835500,123,2021-03-15
17031243500,17031835500,93,2021-03-15
17031281900,17031835500,101,2021-03-15
17031283100,17031835500,107,2021-03-15
17031320100,17031835500,226,2021-03-15
17031320400,17031835500,124,2021-03-15
17031330100,17031835500,194,2021-03-15
17031330200,17031835500,247,2021-03-15
17031340400,17031835500,83,2021-03-15
17031390300,17031835500,110,2021-03-15
17031400300,17031835500,255,2021-03-15
17031400800,17031835500,107,2021-03-15
17031500100,17031835500,83,2021-03-15
17031510100,17031835500,124,2021-03-15
17031570200,17031835500,97,2021-03-15
17031580400,17031835500,83,2021-03-15
17031580502,17031835500,113,2021-03-15
17031600700,17031835500,114,2021-03-15
17031610300,17031835500,584,2021-03-15
17031610400,17031835500,302,2021-03-15
17031611300,17031835500,90,2021-03-15
17031611500,17031835500,126,2021-03-15
17031612100,17031835500,121,2021-03-15
17031630200,17031835500,261,2021-03-15
17031630500,17031835500,98,2021-03-15
17031650100,17031835500,107,2021-03-15
17031711200,17031835500,125,2021-03-15
17031802004,17031835500,95,2021-03-15
17031802701,17031835500,102,2021-03-15
17031802802,17031835500,133,2021-03-15
17031804901,17031835500,84,2021-03-15
17031813801,17031835500,119,2021-03-15
17031817900,17031835500,134,2021-03-15
17031820902,17031835500,88,2021-03-15
17031821600,17031835500,123,2021-03-15
17031823001,17031835500,223,2021-03-15
17031825504,17031835500,97,2021-03-15
17031825700,17031835500,175,2021-03-15
17031825801,17031835500,88,2021-03-15
17031833000,17031835500,98,2021-03-15
17031835000,17031835500,100,2021-03-15
17031835500,17031835500,780,2021-03-15
17031836300,17031835500,143,2021-03-15
17031839000,17031835500,249,2021-03-15
17031839100,17031835500,128,2021-03-15
17031839900,17031835500,83,2021-03-15
17031840200,17031835500,99,2021-03-15
17031841100,17031835500,206,2021-03-15
17031841600,17031835500,166,2021-03-15
17031841900,17031835500,321,2021-03-15
17031842200,17031835500,344,2021-03-15
17031842400,17031835500,354,2021-03-15
17031842600,17031835500,696,2021-03-15
17031842900,17031835500,100,2021-03-15
17031843500,17031835500,104,2021-03-15
17043844301,17031835500,93,2021-03-15
17097864002,17031835500,112,2021-03-15
17097864515,17031835500,199,2021-03-15
17097865400,17031835500,97,2021-03-15
18089020600,17031835500,204,2021-03-15
17031063000,17031835500,93,2021-03-22
17031080300,17031835500,94,2021-03-22
17031081300,17031835500,106,2021-03-22
17031081403,17031835500,158,2021-03-22
17031081500,17031835500,165,2021-03-22
17031081700,17031835500,192,2021-03-22
17031081800,17031835500,217,2021-03-22
17031140800,17031835500,113,2021-03-22
17031221500,17031835500,214,2021-03-22
17031222700,17031835500,88,2021-03-22
17031241400,17031835500,86,2021-03-22
17031280100,17031835500,105,2021-03-22
17031320100,17031835500,275,2021-03-22
17031320400,17031835500,102,2021-03-22
17031320600,17031835500,256,2021-03-22
17031330100,17031835500,86,2021-03-22
17031351000,17031835500,122,2021-03-22
17031351500,17031835500,89,2021-03-22
17031380700,17031835500,244,2021-03-22
17031400800,17031835500,336,2021-03-22
17031431400,17031835500,101,2021-03-22
17031490902,17031835500,167,2021-03-22
17031500200,17031835500,108,2021-03-22
17031510200,17031835500,180,2021-03-22
17031570200,17031835500,98,2021-03-22
17031580800,17031835500,91,2021-03-22
17031590500,17031835500,98,2021-03-22
17031600400,17031835500,95,2021-03-22
17031610300,17031835500,663,2021-03-22
17031610400,17031835500,147,2021-03-22
17031611200,17031835500,107,2021-03-22
17031611400,17031835500,106,2021-03-22
17031611900,17031835500,247,2021-03-22
17031620200,17031835500,541,2021-03-22
17031630200,17031835500,111,2021-03-22
17031804803,17031835500,162,2021-03-22
17031818000,17031835500,191,2021-03-22
17031820502,17031835500,113,2021-03-22
17031820901,17031835500,363,2021-03-22
17031825700,17031835500,108,2021-03-22
17031835500,17031835500,702,2021-03-22
17031835900,17031835500,132,2021-03-22
17031836400,17031835500,127,2021-03-22
17031836900,17031835500,100,2021-03-22
17031838100,17031835500,100,2021-03-22
17031839100,17031835500,185,2021-03-22
17031839800,17031835500,87,2021-03-22
17031839900,17031835500,89,2021-03-22
17031840100,17031835500,125,2021-03-22
17031840200,17031835500,207,2021-03-22
17031840400,17031835500,119,2021-03-22
17031841000,17031835500,233,2021-03-22
17031841900,17031835500,82,2021-03-22
17031842000,17031835500,173,2021-03-22
17031842200,17031835500,531,2021-03-22
17031842300,17031835500,102,2021-03-22
17031842400,17031835500,302,2021-03-22
17031842600,17031835500,605,2021-03-22
17031842900,17031835500,246,2021-03-22
17031843300,17031835500,162,2021-03-22
17031980000,17031835500,121,2021-03-22
17043846106,17031835500,106,2021-03-22
17097863903,17031835500,89,2021-03-22
17031031300,17031835500,138,2021-03-29
17031061100,17031835500,136,2021-03-29
17031071500,17031835500,83,2021-03-29
17031081500,17031835500,87,2021-03-29
17031160800,17031835500,95,2021-03-29
17031230100,17031835500,139,2021-03-29
17031230900,17031835500,126,2021-03-29
17031231200,17031835500,91,2021-03-29
17031301802,17031835500,83,2021-03-29
17031310700,17031835500,103,2021-03-29
17031330100,17031835500,92,2021-03-29
17031330200,17031835500,119,2021-03-29
17031380200,17031835500,132,2021-03-29
17031381900,17031835500,142,2021-03-29
17031390100,17031835500,150,2021-03-29
17031390400,17031835500,128,2021-03-29
17031440202,17031835500,97,2021-03-29
17031440300,17031835500,108,2021-03-29
17031460301,17031835500,88,2021-03-29
17031460302,17031835500,84,2021-03-29
17031490800,17031835500,118,2021-03-29
17031500100,17031835500,125,2021-03-29
17031510200,17031835500,221,2021-03-29
17031580800,17031835500,104,2021-03-29
17031610300,17031835500,466,2021-03-29
17031611200,17031835500,107,2021-03-29
17031611700,17031835500,112,2021-03-29
17031611900,17031835500,89,2021-03-29
17031620200,17031835500,201,2021-03-29
17031630200,17031835500,83,2021-03-29
17031690400,17031835500,87,2021-03-29
17031813801,17031835500,121,2021-03-29
17031814200,17031835500,93,2021-03-29
17031818401,17031835500,153,2021-03-29
17031820502,17031835500,106,2021-03-29
17031820901,17031835500,99,2021-03-29
17031821600,17031835500,233,2021-03-29
17031821900,17031835500,120,2021-03-29
17031824701,17031835500,109,2021-03-29
17031825303,17031835500,87,2021-03-29
17031825801,17031835500,113,2021-03-29
17031826800,17031835500,96,2021-03-29
17031826901,17031835500,110,2021-03-29
17031830700,17031835500,99,2021-03-29
17031834900,17031835500,101,2021-03-29
17031835500,17031835500,656,2021-03-29
17031835600,17031835500,83,2021-03-29
17031836200,17031835500,123,2021-03-29
17031836300,17031835500,135,2021-03-29
17031838100,17031835500,143,2021-03-29
17031838800,17031835500,113,2021-03-29
17031839000,17031835500,90,2021-03-29
17031839700,17031835500,126,2021-03-29
17031839900,17031835500,90,2021-03-29
17031840400,17031835500,95,2021-03-29
17031841100,17031835500,88,2021-03-29
17031841900,17031835500,273,2021-03-29
17031842000,17031835500,145,2021-03-29
17031842400,17031835500,327,2021-03-29
17031842600,17031835500,1067,2021-03-29
17031842900,17031835500,97,2021-03-29
17031980000,17031835500,140,2021-03-29
17097861508,17031835500,233,2021-03-29
17097863902,17031835500,100,2021-03-29
17031081403,17031835500,79,2021-04-05
17031160502,17031835500,111,2021-04-05
17031230900,17031835500,114,2021-04-05
17031310700,17031835500,87,2021-04-05
17031360200,17031835500,108,2021-04-05
17031381400,17031835500,132,2021-04-05
17031420700,17031835500,136,2021-04-05
17031430500,17031835500,121,2021-04-05
17031480300,17031835500,107,2021-04-05
17031510200,17031835500,173,2021-04-05
17031530300,17031835500,127,2021-04-05
17031580502,17031835500,100,2021-04-05
17031600400,17031835500,89,2021-04-05
17031610300,17031835500,556,2021-04-05
17031611000,17031835500,179,2021-04-05
17031611200,17031835500,111,2021-04-05
17031611300,17031835500,90,2021-04-05
17031660700,17031835500,128,2021-04-05
17031680900,17031835500,96,2021-04-05
17031691400,17031835500,89,2021-04-05
17031710100,17031835500,133,2021-04-05
17031730202,17031835500,99,2021-04-05
17031814200,17031835500,215,2021-04-05
17031820901,17031835500,98,2021-04-05
17031821600,17031835500,83,2021-04-05
17031825600,17031835500,99,2021-04-05
17031828701,17031835500,94,2021-04-05
17031834900,17031835500,119,2021-04-05
17031835500,17031835500,562,2021-04-05
17031835600,17031835500,183,2021-04-05
17031836200,17031835500,128,2021-04-05
17031838100,17031835500,176,2021-04-05
17031839000,17031835500,171,2021-04-05
17031839900,17031835500,113,2021-04-05
17031840400,17031835500,82,2021-04-05
17031841000,17031835500,190,2021-04-05
17031841900,17031835500,271,2021-04-05
17031842400,17031835500,92,2021-04-05
17031842600,17031835500,495,2021-04-05
17031843600,17031835500,189,2021-04-05
17031063302,17031835500,121,2021-04-12
17031081201,17031835500,115,2021-04-12
17031081800,17031835500,117,2021-04-12
17031243400,17031835500,117,2021-04-12
17031300800,17031835500,111,2021-04-12
17031300900,17031835500,90,2021-04-12
17031310600,17031835500,194,2021-04-12
17031310900,17031835500,171,2021-04-12
17031320100,17031835500,107,2021-04-12
17031350100,17031835500,136,2021-04-12
17031351000,17031835500,129,2021-04-12
17031380100,17031835500,92,2021-04-12
17031381700,17031835500,114,2021-04-12
17031381900,17031835500,141,2021-04-12
17031410800,17031835500,195,2021-04-12
17031431302,17031835500,186,2021-04-12
17031440600,17031835500,79,2021-04-12
17031490902,17031835500,89,2021-04-12
17031500200,17031835500,201,2021-04-12
17031510300,17031835500,115,2021-04-12
17031570200,17031835500,97,2021-04-12
17031570300,17031835500,119,2021-04-12
17031580100,17031835500,206,2021-04-12
17031580502,17031835500,102,2021-04-12
17031600400,17031835500,101,2021-04-12
17031610300,17031835500,582,2021-04-12
17031610800,17031835500,139,2021-04-12
17031611000,17031835500,195,2021-04-12
17031611500,17031835500,79,2021-04-12
17031611900,17031835500,251,2021-04-12
17031620200,17031835500,353,2021-04-12
17031630800,17031835500,87,2021-04-12
17031660600,17031835500,97,2021-04-12
17031660700,17031835500,123,2021-04-12
17031710600,17031835500,98,2021-04-12
17031730400,17031835500,110,2021-04-12
17031811301,17031835500,114,2021-04-12
17031813801,17031835500,104,2021-04-12
17031820901,17031835500,130,2021-04-12
17031821102,17031835500,82,2021-04-12
17031821402,17031835500,92,2021-04-12
17031826201,17031835500,88,2021-04-12
17031828701,17031835500,79,2021-04-12
17031833100,17031835500,103,2021-04-12
17031834700,17031835500,129,2021-04-12
17031835500,17031835500,929,2021-04-12
17031835600,17031835500,99,2021-04-12
17031836300,17031835500,349,2021-04-12
17031839100,17031835500,139,2021-04-12
17031839500,17031835500,82,2021-04-12
17031839700,17031835500,81,2021-04-12
17031839900,17031835500,88,2021-04-12
17031840400,17031835500,94,2021-04-12
17031841100,17031835500,94,2021-04-12
17031841500,17031835500,111,2021-04-12
17031841900,17031835500,283,2021-04-12
17031842400,17031835500,120,2021-04-12
17031842600,17031835500,594,2021-04-12
17031842800,17031835500,119,2021-04-12
17031843700,17031835500,127,2021-04-12
17031843900,17031835500,114,2021-04-12
17197883514,17031835500,100,2021-04-12
18089020200,17031835500,78,2021-04-12
18089040100,17031835500,90,2021-04-12
17031032100,17031835500,79,2021-04-19
17031080300,17031835500,159,2021-04-19
17031080400,17031835500,200,2021-04-19
17031081201,17031835500,96,2021-04-19
17031081202,17031835500,150,2021-04-19
17031081401,17031835500,108,2021-04-19
17031081402,17031835500,181,2021-04-19
17031081500,17031835500,90,2021-04-19
17031081600,17031835500,161,2021-04-19
17031081700,17031835500,121,2021-04-19
17031081800,17031835500,291,2021-04-19
17031161300,17031835500,117,2021-04-19
17031243500,17031835500,119,2021-04-19
17031260100,17031835500,101,2021-04-19
17031281900,17031835500,87,2021-04-19
17031320100,17031835500,124,2021-04-19
17031330100,17031835500,179,2021-04-19
17031400300,17031835500,92,2021-04-19
17031410500,17031835500,189,2021-04-19
17031431301,17031835500,135,2021-04-19
17031500200,17031835500,106,2021-04-19
17031510200,17031835500,273,2021-04-19
17031570100,17031835500,97,2021-04-19
17031580100,17031835500,209,2021-04-19
17031610300,17031835500,620,2021-04-19
17031610400,17031835500,87,2021-04-19
17031611000,17031835500,100,2021-04-19
17031611100,17031835500,97,2021-04-19
17031630300,17031835500,95,2021-04-19
17031650500,17031835500,84,2021-04-19
17031660302,17031835500,93,2021-04-19
17031690900,17031835500,186,2021-04-19
17031770500,17031835500,259,2021-04-19
17031814200,17031835500,111,2021-04-19
17031816700,17031835500,103,2021-04-19
17031820901,17031835500,122,2021-04-19
17031820902,17031835500,99,2021-04-19
17031821102,17031835500,85,2021-04-19
17031821600,17031835500,225,2021-04-19
17031823001,17031835500,89,2021-04-19
17031828000,17031835500,109,2021-04-19
17031828505,17031835500,129,2021-04-19
17031832500,17031835500,104,2021-04-19
17031833100,17031835500,98,2021-04-19
17031835500,17031835500,254,2021-04-19
17031835600,17031835500,85,2021-04-19
17031835900,17031835500,99,2021-04-19
17031838700,17031835500,107,2021-04-19
17031839500,17031835500,87,2021-04-19
17031840200,17031835500,187,2021-04-19
17031840300,17031835500,87,2021-04-19
17031841100,17031835500,120,2021-04-19
17031841500,17031835500,148,2021-04-19
17031841900,17031835500,184,2021-04-19
17031842400,17031835500,190,2021-04-19
17031842600,17031835500,513,2021-04-19
17031980000,17031835500,157,2021-04-19
18089021100,17031835500,112,2021-04-19
18089040401,17031835500,83,2021-04-19
17031051300,17031835500,98,2021-04-26
17031061100,17031835500,115,2021-04-26
17031070400,17031835500,100,2021-04-26
17031080300,17031835500,223,2021-04-26
17031081100,17031835500,122,2021-04-26
17031081300,17031835500,84,2021-04-26
17031081401,17031835500,247,2021-04-26
17031081700,17031835500,96,2021-04-26
17031081800,17031835500,80,2021-04-26
17031160502,17031835500,183,2021-04-26
17031271400,17031835500,135,2021-04-26
17031280100,17031835500,85,2021-04-26
17031301803,17031835500,93,2021-04-26
17031310600,17031835500,87,2021-04-26
17031330100,17031835500,169,2021-04-26
17031340600,17031835500,158,2021-04-26
17031381700,17031835500,118,2021-04-26
17031381800,17031835500,91,2021-04-26
17031400300,17031835500,93,2021-04-26
17031430102,17031835500,91,2021-04-26
17031440101,17031835500,174,2021-04-26
17031440700,17031835500,179,2021-04-26
17031461000,17031835500,92,2021-04-26
17031491100,17031835500,109,2021-04-26
17031510200,17031835500,244,2021-04-26
17031550200,17031835500,132,2021-04-26
17031580800,17031835500,89,2021-04-26
17031600400,17031835500,95,2021-04-26
17031610300,17031835500,947,2021-04-26
17031610400,17031835500,94,2021-04-26
17031611300,17031835500,87,2021-04-26
17031611500,17031835500,206,2021-04-26
17031612100,17031835500,80,2021-04-26
17031620100,17031835500,84,2021-04-26
17031620200,17031835500,111,2021-04-26
17031630200,17031835500,126,2021-04-26
17031720100,17031835500,89,2021-04-26
17031730400,17031835500,223,2021-04-26
17031805402,17031835500,91,2021-04-26
17031820901,17031835500,184,2021-04-26
17031821600,17031835500,196,2021-04-26
17031822102,17031835500,94,2021-04-26
17031823001,17031835500,95,2021-04-26
17031825600,17031835500,90,2021-04-26
17031830700,17031835500,151,2021-04-26
17031833000,17031835500,240,2021-04-26
17031833100,17031835500,144,2021-04-26
17031835000,17031835500,100,2021-04-26
17031835100,17031835500,80,2021-04-26
17031835500,17031835500,549,2021-04-26
17031836300,17031835500,135,2021-04-26
17031836500,17031835500,120,2021-04-26
17031838100,17031835500,106,2021-04-26
17031839100,17031835500,374,2021-04-26
17031839200,17031835500,252,2021-04-26
17031839700,17031835500,137,2021-04-26
17031839800,17031835500,88,2021-04-26
17031839900,17031835500,182,2021-04-26
17031840200,17031835500,91,2021-04-26
17031840300,17031835500,92,2021-04-26
17031840400,17031835500,94,2021-04-26
17031841500,17031835500,262,2021-04-26
17031841900,17031835500,109,2021-04-26
17031842200,17031835500,190,2021-04-26
17031842400,17031835500,99,2021-04-26
17031842600,17031835500,651,2021-04-26
17031842800,17031835500,104,2021-04-26
17031843000,17031835500,130,2021-04-26
17031843300,17031835500,174,2021-04-26
17031843700,17031835500,116,2021-04-26
17197883514,17031835500,213,2021-04-26
18089020200,17031835500,104,2021-04-26
17031031501,17031835500,139,2021-05-03
17031061100,17031835500,89,2021-05-03
17031081700,17031835500,98,2021-05-03
17031081800,17031835500,92,2021-05-03
17031161200,17031835500,112,2021-05-03
17031300600,17031835500,136,2021-05-03
17031300900,17031835500,98,2021-05-03
17031320600,17031835500,109,2021-05-03
17031330100,17031835500,130,2021-05-03
17031330200,17031835500,120,2021-05-03
17031340400,17031835500,264,2021-05-03
17031380100,17031835500,101,2021-05-03
17031381700,17031835500,115,2021-05-03
17031410700,17031835500,97,2021-05-03
17031431302,17031835500,225,2021-05-03
17031440700,17031835500,179,2021-05-03
17031510200,17031835500,163,2021-05-03
17031510300,17031835500,78,2021-05-03
17031570200,17031835500,112,2021-05-03
17031580400,17031835500,134,2021-05-03
17031580502,17031835500,192,2021-05-03
17031610300,17031835500,289,2021-05-03
17031610800,17031835500,154,2021-05-03
17031611000,17031835500,100,2021-05-03
17031611300,17031835500,104,2021-05-03
17031611500,17031835500,130,2021-05-03
17031630500,17031835500,122,2021-05-03
17031660302,17031835500,104,2021-05-03
17031802802,17031835500,256,2021-05-03
17031804901,17031835500,102,2021-05-03
17031805201,17031835500,96,2021-05-03
17031807700,17031835500,172,2021-05-03
17031814200,17031835500,351,2021-05-03
17031820400,17031835500,90,2021-05-03
17031820901,17031835500,203,2021-05-03
17031820902,17031835500,81,2021-05-03
17031821900,17031835500,99,2021-05-03
17031825303,17031835500,87,2021-05-03
17031825801,17031835500,99,2021-05-03
17031826201,17031835500,179,2021-05-03
17031827901,17031835500,106,2021-05-03
17031828300,17031835500,97,2021-05-03
17031829100,17031835500,125,2021-05-03
17031830700,17031835500,94,2021-05-03
17031835500,17031835500,797,2021-05-03
17031835600,17031835500,87,2021-05-03
17031837800,17031835500,88,2021-05-03
17031839700,17031835500,109,2021-05-03
17031840200,17031835500,89,2021-05-03
17031840400,17031835500,162,2021-05-03
17031841100,17031835500,101,2021-05-03
17031841200,17031835500,78,2021-05-03
17031841900,17031835500,153,2021-05-03
17031842300,17031835500,79,2021-05-03
17031842600,17031835500,663,2021-05-03
17031843000,17031835500,116,2021-05-03
17031980100,17031835500,215,2021-05-03
17043844307,17031835500,110,2021-05-03
17031020200,17031835500,108,2021-05-10
17031031300,17031835500,112,2021-05-10
17031032100,17031835500,122,2021-05-10
17031080201,17031835500,115,2021-05-10
17031080400,17031835500,94,2021-05-10
17031081201,17031835500,250,2021-05-10
17031081401,17031835500,117,2021-05-10
17031081402,17031835500,237,2021-05-10
17031081403,17031835500,149,2021-05-10
17031081500,17031835500,240,2021-05-10
17031081800,17031835500,116,2021-05-10
17031140702,17031835500,95,2021-05-10
17031140800,17031835500,77,2021-05-10
17031161100,17031835500,92,2021-05-10
17031230900,17031835500,103,2021-05-10
17031280100,17031835500,77,2021-05-10
17031280900,17031835500,101,2021-05-10
17031292400,17031835500,213,2021-05-10
17031320100,17031835500,153,2021-05-10
17031340400,17031835500,162,2021-05-10
17031380200,17031835500,108,2021-05-10
17031381700,17031835500,112,2021-05-10
17031390600,17031835500,152,2021-05-10
17031410100,17031835500,103,2021-05-10
17031420400,17031835500,116,2021-05-10
17031460400,17031835500,172,2021-05-10
17031580502,17031835500,77,2021-05-10
17031580800,17031835500,93,2021-05-10
17031590500,17031835500,97,2021-05-10
17031610300,17031835500,483,2021-05-10
17031611000,17031835500,100,2021-05-10
17031611500,17031835500,118,2021-05-10
17031612100,17031835500,250,2021-05-10
17031630300,17031835500,88,2021-05-10
17031650500,17031835500,87,2021-05-10
17031711400,17031835500,181,2021-05-10
17031802701,17031835500,88,2021-05-10
17031802802,17031835500,139,2021-05-10
17031814200,17031835500,94,2021-05-10
17031820901,17031835500,90,2021-05-10
17031821401,17031835500,77,2021-05-10
17031821900,17031835500,90,2021-05-10
17031822102,17031835500,111,2021-05-10
17031824115,17031835500,85,2021-05-10
17031825501,17031835500,92,2021-05-10
17031825801,17031835500,102,2021-05-10
17031826201,17031835500,277,2021-05-10
17031827901,17031835500,83,2021-05-10
17031828201,17031835500,101,2021-05-10
17031828401,17031835500,123,2021-05-10
17031828402,17031835500,91,2021-05-10
17031828505,17031835500,115,2021-05-10
17031830004,17031835500,151,2021-05-10
17031830900,17031835500,185,2021-05-10
17031831600,17031835500,103,2021-05-10
17031833100,17031835500,112,2021-05-10
17031834800,17031835500,108,2021-05-10
17031835500,17031835500,205,2021-05-10
17031836000,17031835500,100,2021-05-10
17031836300,17031835500,337,2021-05-10
17031838100,17031835500,134,2021-05-10
17031838200,17031835500,93,2021-05-10
17031839000,17031835500,89,2021-05-10
17031839100,17031835500,254,2021-05-10
17031839700,17031835500,94,2021-05-10
17031839900,17031835500,90,2021-05-10
17031840200,17031835500,236,2021-05-10
17031840300,17031835500,166,2021-05-10
17031840400,17031835500,403,2021-05-10
17031841000,17031835500,140,2021-05-10
17031841300,17031835500,207,2021-05-10
17031841900,17031835500,256,2021-05-10
17031842200,17031835500,225,2021-05-10
17031842300,17031835500,179,2021-05-10
17031842600,17031835500,356,2021-05-10
17031843300,17031835500,132,2021-05-10
17097863601,17031835500,105,2021-05-10
17031080400,17031835500,201,2021-05-17
17031081201,17031835500,389,2021-05-17
17031081403,17031835500,270,2021-05-17
17031081600,17031835500,153,2021-05-17
17031081800,17031835500,97,2021-05-17
17031161100,17031835500,180,2021-05-17
17031220300,17031835500,103,2021-05-17
17031221600,17031835500,166,2021-05-17
17031241600,17031835500,109,2021-05-17
17031242700,17031835500,132,2021-05-17
17031243500,17031835500,125,2021-05-17
17031280100,17031835500,143,2021-05-17
17031301802,17031835500,169,2021-05-17
17031330100,17031835500,263,2021-05-17
17031340400,17031835500,157,2021-05-17
17031351000,17031835500,248,2021-05-17
17031380700,17031835500,242,2021-05-17
17031381700,17031835500,231,2021-05-17
17031390100,17031835500,99,2021-05-17
17031390500,17031835500,133,2021-05-17
17031410100,17031835500,212,2021-05-17
17031410800,17031835500,178,2021-05-17
17031420100,17031835500,205,2021-05-17
17031420200,17031835500,129,2021-05-17
17031420300,17031835500,243,2021-05-17
17031500100,17031835500,80,2021-05-17
17031580200,17031835500,101,2021-05-17
17031580502,17031835500,134,2021-05-17
17031580800,17031835500,87,2021-05-17
17031600400,17031835500,177,2021-05-17
17031610300,17031835500,649,2021-05-17
17031610400,17031835500,177,2021-05-17
17031610800,17031835500,186,2021-05-17
17031611000,17031835500,97,2021-05-17
17031611500,17031835500,151,2021-05-17
17031630500,17031835500,123,2021-05-17
17031711100,17031835500,109,2021-05-17
17031750100,17031835500,102,2021-05-17
17031811000,17031835500,82,2021-05-17
17031821600,17031835500,104,2021-05-17
17031824701,17031835500,114,2021-05-17
17031825501,17031835500,89,2021-05-17
17031826201,17031835500,312,2021-05-17
17031827100,17031835500,136,2021-05-17
17031828503,17031835500,113,2021-05-17
17031833100,17031835500,210,2021-05-17
17031834300,17031835500,97,2021-05-17
17031834500,17031835500,102,2021-05-17
17031835500,17031835500,1043,2021-05-17
17031835600,17031835500,90,2021-05-17
17031836200,17031835500,326,2021-05-17
17031836300,17031835500,132,2021-05-17
17031839200,17031835500,178,2021-05-17
17031839700,17031835500,90,2021-05-17
17031839900,17031835500,172,2021-05-17
17031840200,17031835500,416,2021-05-17
17031840400,17031835500,190,2021-05-17
17031841100,17031835500,202,2021-05-17
17031841700,17031835500,109,2021-05-17
17031841900,17031835500,399,2021-05-17
17031842000,17031835500,90,2021-05-17
17031842200,17031835500,181,2021-05-17
17031842400,17031835500,227,2021-05-17
17031842600,17031835500,1039,2021-05-17
17031842900,17031835500,96,2021-05-17
17031843600,17031835500,83,2021-05-17
17031843800,17031835500,103,2021-05-17
17031980000,17031835500,121,2021-05-17
17197883514,17031835500,128,2021-05-17
17031010502,17031835500,102,2021-05-24
17031030800,17031835500,119,2021-05-24
17031031501,17031835500,153,2021-05-24
17031031502,17031835500,160,2021-05-24
17031032100,17031835500,119,2021-05-24
17031070700,17031835500,86,2021-05-24
17031080300,17031835500,80,2021-05-24
17031081000,17031835500,228,2021-05-24
17031081401,17031835500,89,2021-05-24
17031081403,17031835500,100,2021-05-24
17031081600,17031835500,89,2021-05-24
17031300800,17031835500,76,2021-05-24
17031320100,17031835500,124,2021-05-24
17031330100,17031835500,307,2021-05-24
17031330200,17031835500,137,2021-05-24
17031340400,17031835500,262,2021-05-24
17031350100,17031835500,188,2021-05-24
17031351000,17031835500,159,2021-05-24
17031380500,17031835500,117,2021-05-24
17031381700,17031835500,209,2021-05-24
17031381900,17031835500,137,2021-05-24
17031410100,17031835500,119,2021-05-24
17031500300,17031835500,150,2021-05-24
17031510200,17031835500,282,2021-05-24
17031570100,17031835500,95,2021-05-24
17031570200,17031835500,178,2021-05-24
17031580502,17031835500,92,2021-05-24
17031600400,17031835500,91,2021-05-24
17031610300,17031835500,1207,2021-05-24
17031610400,17031835500,88,2021-05-24
17031611200,17031835500,122,2021-05-24
17031611400,17031835500,108,2021-05-24
17031611500,17031835500,368,2021-05-24
17031630100,17031835500,104,2021-05-24
17031640100,17031835500,96,2021-05-24
17031670300,17031835500,98,2021-05-24
17031691200,17031835500,110,2021-05-24
17031710100,17031835500,101,2021-05-24
17031720100,17031835500,84,2021-05-24
17031730100,17031835500,138,2021-05-24
17031813801,17031835500,223,2021-05-24
17031814200,17031835500,181,2021-05-24
17031820901,17031835500,91,2021-05-24
17031821600,17031835500,186,2021-05-24
17031822101,17031835500,84,2021-05-24
17031824115,17031835500,88,2021-05-24
17031828702,17031835500,192,2021-05-24
17031828801,17031835500,102,2021-05-24
17031829800,17031835500,98,2021-05-24
17031829902,17031835500,178,2021-05-24
17031830700,17031835500,234,2021-05-24
17031833000,17031835500,88,2021-05-24
17031833100,17031835500,169,2021-05-24
17031834600,17031835500,76,2021-05-24
17031835500,17031835500,823,2021-05-24
17031836300,17031835500,268,2021-05-24
17031836900,17031835500,109,2021-05-24
17031838100,17031835500,146,2021-05-24
17031839100,17031835500,81,2021-05-24
17031839600,17031835500,174,2021-05-24
17031839900,17031835500,151,2021-05-24
17031840300,17031835500,87,2021-05-24
17031840400,17031835500,457,2021-05-24
17031841500,17031835500,310,2021-05-24
17031841900,17031835500,387,2021-05-24
17031842400,17031835500,113,2021-05-24
17031842600,17031835500,1011,2021-05-24
17031842900,17031835500,88,2021-05-24
17031843100,17031835500,103,2021-05-24
17031843300,17031835500,177,2021-05-24
17031980100,17031835500,126,2021-05-24
17043840600,17031835500,102,2021-05-24
17197881007,17031835500,140,2021-05-24
17197883505,17031835500,113,2021-05-24
17031030500,17031835500,107,2021-05-31
17031061000,17031835500,81,2021-05-31
17031061100,17031835500,234,2021-05-31
17031062300,17031835500,95,2021-05-31
17031071200,17031835500,76,2021-05-31
17031081201,17031835500,113,2021-05-31
17031081300,17031835500,145,2021-05-31
17031081401,17031835500,94,2021-05-31
17031081500,17031835500,103,2021-05-31
17031081700,17031835500,90,2021-05-31
17031140800,17031835500,123,2021-05-31
17031150200,17031835500,76,2021-05-31
17031160502,17031835500,87,2021-05-31
17031242600,17031835500,103,2021-05-31
17031260100,17031835500,182,2021-05-31
17031320100,17031835500,389,2021-05-31
17031320600,17031835500,81,2021-05-31
17031330100,17031835500,262,2021-05-31
17031330200,17031835500,118,2021-05-31
17031380500,17031835500,116,2021-05-31
17031381700,17031835500,94,2021-05-31
17031400300,17031835500,89,2021-05-31
17031410900,17031835500,102,2021-05-31
17031420400,17031835500,212,2021-05-31
17031490902,17031835500,111,2021-05-31
17031570300,17031835500,107,2021-05-31
17031580300,17031835500,87,2021-05-31
17031580400,17031835500,99,2021-05-31
17031580600,17031835500,173,2021-05-31
17031600400,17031835500,95,2021-05-31
17031610300,17031835500,232,2021-05-31
17031611300,17031835500,94,2021-05-31
17031611500,17031835500,179,2021-05-31
17031630300,17031835500,83,2021-05-31
17031640600,17031835500,95,2021-05-31
17031720300,17031835500,138,2021-05-31
17031750600,17031835500,98,2021-05-31
17031813801,17031835500,101,2021-05-31
17031814200,17031835500,93,2021-05-31
17031818401,17031835500,78,2021-05-31
17031820502,17031835500,93,2021-05-31
17031820901,17031835500,93,2021-05-31
17031820902,17031835500,177,2021-05-31
17031822801,17031835500,82,2021-05-31
17031824121,17031835500,87,2021-05-31
17031826301,17031835500,103,2021-05-31
17031828702,17031835500,93,2021-05-31
17031830700,17031835500,91,2021-05-31
17031835500,17031835500,726,2021-05-31
17031836100,17031835500,88,2021-05-31
17031836300,17031835500,215,2021-05-31
17031837100,17031835500,92,2021-05-31
17031838100,17031835500,104,2021-05-31
17031839100,17031835500,111,2021-05-31
17031839900,17031835500,412,2021-05-31
17031840400,17031835500,76,2021-05-31
17031841100,17031835500,104,2021-05-31
17031842600,17031835500,737,2021-05-31
17031843600,17031835500,170,2021-05-31
17031843800,17031835500,289,2021-05-31
17089850702,17031835500,79,2021-05-31
18089041200,17031835500,70,2021-05-31
17031031502,17031835500,113,2021-06-07
17031032100,17031835500,90,2021-06-07
17031070600,17031835500,201,2021-06-07
17031080300,17031835500,120,2021-06-07
17031081000,17031835500,100,2021-06-07
17031081201,17031835500,112,2021-06-07
17031081403,17031835500,123,2021-06-07
17031081500,17031835500,83,2021-06-07
17031081700,17031835500,90,2021-06-07
17031100100,17031835500,112,2021-06-07
17031221100,17031835500,100,2021-06-07
17031231200,17031835500,85,2021-06-07
17031242700,17031835500,91,2021-06-07
17031243500,17031835500,79,2021-06-07
17031250700,17031835500,79,2021-06-07
17031300800,17031835500,119,2021-06-07
17031310600,17031835500,83,2021-06-07
17031310800,17031835500,98,2021-06-07
17031320400,17031835500,79,2021-06-07
17031390100,17031835500,214,2021-06-07
17031400300,17031835500,128,2021-06-07
17031410100,17031835500,159,2021-06-07
17031410500,17031835500,175,2021-06-07
17031410700,17031835500,84,2021-06-07
17031440102,17031835500,129,2021-06-07
17031460400,17031835500,93,2021-06-07
17031580502,17031835500,102,2021-06-07
17031580800,17031835500,95,2021-06-07
17031590700,17031835500,273,2021-06-07
17031600400,17031835500,163,2021-06-07
17031610300,17031835500,1253,2021-06-07
17031610800,17031835500,192,2021-06-07
17031611000,17031835500,207,2021-06-07
17031611500,17031835500,89,2021-06-07
17031620200,17031835500,89,2021-06-07
17031650500,17031835500,158,2021-06-07
17031670300,17031835500,87,2021-06-07
17031691400,17031835500,95,2021-06-07
17031700100,17031835500,97,2021-06-07
17031710300,17031835500,99,2021-06-07
17031720200,17031835500,109,2021-06-07
17031813701,17031835500,164,2021-06-07
17031813801,17031835500,195,2021-06-07
17031814900,17031835500,127,2021-06-07
17031815600,17031835500,190,2021-06-07
17031816000,17031835500,137,2021-06-07
17031820901,17031835500,94,2021-06-07
17031820902,17031835500,98,2021-06-07
17031828402,17031835500,96,2021-06-07
17031828900,17031835500,89,2021-06-07
17031835500,17031835500,537,2021-06-07
17031836300,17031835500,166,2021-06-07
17031839500,17031835500,92,2021-06-07
17031839900,17031835500,108,2021-06-07
17031840300,17031835500,169,2021-06-07
17031841500,17031835500,267,2021-06-07
17031841900,17031835500,157,2021-06-07
17031842000,17031835500,171,2021-06-07
17031842400,17031835500,100,2021-06-07
17031842500,17031835500,149,2021-06-07
17031842600,17031835500,988,2021-06-07
17031020302,17031835500,121,2021-06-14
17031061100,17031835500,90,2021-06-14
17031062600,17031835500,109,2021-06-14
17031070101,17031835500,102,2021-06-14
17031081300,17031835500,89,2021-06-14
17031081402,17031835500,97,2021-06-14
17031081403,17031835500,267,2021-06-14
17031081500,17031835500,95,2021-06-14
17031081700,17031835500,119,2021-06-14
17031081800,17031835500,291,2021-06-14
17031100600,17031835500,150,2021-06-14
17031140800,17031835500,130,2021-06-14
17031160502,17031835500,151,2021-06-14
17031241500,17031835500,108,2021-06-14
17031310600,17031835500,80,2021-06-14
17031340600,17031835500,102,2021-06-14
17031360200,17031835500,107,2021-06-14
17031381900,17031835500,147,2021-06-14
17031390100,17031835500,96,2021-06-14
17031410100,17031835500,120,2021-06-14
17031410500,17031835500,185,2021-06-14
17031410700,17031835500,169,2021-06-14
17031411000,17031835500,145,2021-06-14
17031530400,17031835500,84,2021-06-14
17031600400,17031835500,226,2021-06-14
17031610300,17031835500,1047,2021-06-14
17031611200,17031835500,210,2021-06-14
17031611900,17031835500,150,2021-06-14
17031650500,17031835500,403,2021-06-14
17031660700,17031835500,151,2021-06-14
17031681300,17031835500,177,2021-06-14
17031691000,17031835500,92,2021-06-14
17031700301,17031835500,237,2021-06-14
17031814200,17031835500,98,2021-06-14
17031814300,17031835500,122,2021-06-14
17031820901,17031835500,146,2021-06-14
17031820902,17031835500,97,2021-06-14
17031821102,17031835500,96,2021-06-14
17031823602,17031835500,99,2021-06-14
17031824115,17031835500,123,2021-06-14
17031824701,17031835500,127,2021-06-14
17031827500,17031835500,80,2021-06-14
17031828801,17031835500,96,2021-06-14
17031830004,17031835500,80,2021-06-14
17031830700,17031835500,98,2021-06-14
17031831100,17031835500,97,2021-06-14
17031835500,17031835500,675,2021-06-14
17031839600,17031835500,91,2021-06-14
17031839900,17031835500,334,2021-06-14
17031840400,17031835500,180,2021-06-14
17031841000,17031835500,94,2021-06-14
17031841100,17031835500,104,2021-06-14
17031841900,17031835500,137,2021-06-14
17031842000,17031835500,141,2021-06-14
17031842400,17031835500,262,2021-06-14
17031842600,17031835500,938,2021-06-14
17031843300,17031835500,176,2021-06-14
17043844201,17031835500,108,2021-06-14
17043846509,17031835500,285,2021-06-14
17089852907,17031835500,98,2021-06-14
17031062900,17031835500,100,2021-06-21
17031070700,17031835500,86,2021-06-21
17031071200,17031835500,88,2021-06-21
17031080202,17031835500,102,2021-06-21
17031081401,17031835500,208,2021-06-21
17031081402,17031835500,468,2021-06-21
17031081403,17031835500,211,2021-06-21
17031081500,17031835500,272,2021-06-21
17031081600,17031835500,109,2021-06-21
17031081700,17031835500,187,2021-06-21
17031081800,17031835500,506,2021-06-21
17031140800,17031835500,116,2021-06-21
17031200200,17031835500,117,2021-06-21
17031231200,17031835500,90,2021-06-21
17031241500,17031835500,113,2021-06-21
17031242600,17031835500,110,2021-06-21
17031320100,17031835500,81,2021-06-21
17031320400,17031835500,124,2021-06-21
17031350400,17031835500,225,2021-06-21
17031351000,17031835500,111,2021-06-21
17031351400,17031835500,195,2021-06-21
17031380700,17031835500,162,2021-06-21
17031381200,17031835500,151,2021-06-21
17031381700,17031835500,126,2021-06-21
17031410100,17031835500,136,2021-06-21
17031411000,17031835500,91,2021-06-21
17031530300,17031835500,104,2021-06-21
17031560400,17031835500,116,2021-06-21
17031570300,17031835500,93,2021-06-21
17031580800,17031835500,181,2021-06-21
17031590500,17031835500,109,2021-06-21
17031600400,17031835500,106,2021-06-21
17031610300,17031835500,596,2021-06-21
17031611000,17031835500,106,2021-06-21
17031611300,17031835500,214,2021-06-21
17031611400,17031835500,132,2021-06-21
17031611500,17031835500,162,2021-06-21
17031611800,17031835500,122,2021-06-21
17031620200,17031835500,115,2021-06-21
17031650500,17031835500,89,2021-06-21
17031660900,17031835500,103,2021-06-21
17031802802,17031835500,244,2021-06-21
17031805107,17031835500,188,2021-06-21
17031805111,17031835500,99,2021-06-21
17031805112,17031835500,93,2021-06-21
17031813900,17031835500,148,2021-06-21
17031814200,17031835500,479,2021-06-21
17031818401,17031835500,91,2021-06-21
17031820901,17031835500,98,2021-06-21
17031820902,17031835500,307,2021-06-21
17031821102,17031835500,187,2021-06-21
17031822101,17031835500,117,2021-06-21
17031822102,17031835500,101,2021-06-21
17031822301,17031835500,112,2021-06-21
17031824115,17031835500,128,2021-06-21
17031827200,17031835500,88,2021-06-21
17031829902,17031835500,191,2021-06-21
17031830004,17031835500,110,2021-06-21
17031833100,17031835500,108,2021-06-21
17031835000,17031835500,178,2021-06-21
17031835500,17031835500,561,2021-06-21
17031835600,17031835500,112,2021-06-21
17031835900,17031835500,264,2021-06-21
17031838200,17031835500,358,2021-06-21
17031839800,17031835500,91,2021-06-21
17031839900,17031835500,113,2021-06-21
17031840200,17031835500,104,2021-06-21
17031840400,17031835500,100,2021-06-21
17031841100,17031835500,279,2021-06-21
17031841200,17031835500,144,2021-06-21
17031842000,17031835500,113,2021-06-21
17031842400,17031835500,228,2021-06-21
17031842600,17031835500,393,2021-06-21
17031842800,17031835500,93,2021-06-21
17031843600,17031835500,104,2021-06-21
17031980100,17031835500,128,2021-06-21
17043840103,17031835500,177,2021-06-21
18089042300,17031835500,207,2021-06-21
17031061100,17031835500,228,2021-06-28
17031070102,17031835500,151,2021-06-28
17031070300,17031835500,79,2021-06-28
17031081402,17031835500,290,2021-06-28
17031081500,17031835500,206,2021-06-28
17031081700,17031835500,84,2021-06-28
17031140800,17031835500,136,2021-06-28
17031242600,17031835500,167,2021-06-28
17031243000,17031835500,113,2021-06-28
17031260100,17031835500,92,2021-06-28
17031260600,17031835500,120,2021-06-28
17031260800,17031835500,110,2021-06-28
17031260900,17031835500,116,2021-06-28
17031300900,17031835500,119,2021-06-28
17031320100,17031835500,242,2021-06-28
17031330100,17031835500,262,2021-06-28
17031330200,17031835500,111,2021-06-28
17031381700,17031835500,116,2021-06-28
17031400300,17031835500,122,2021-06-28
17031410200,17031835500,79,2021-06-28
17031440102,17031835500,127,2021-06-28
17031450300,17031835500,128,2021-06-28
17031460500,17031835500,91,2021-06-28
17031560300,17031835500,111,2021-06-28
17031580100,17031835500,97,2021-06-28
17031580502,17031835500,115,2021-06-28
17031600900,17031835500,107,2021-06-28
17031610300,17031835500,670,2021-06-28
17031611000,17031835500,83,2021-06-28
17031630300,17031835500,85,2021-06-28
17031630400,17031835500,115,2021-06-28
17031681200,17031835500,145,2021-06-28
17031690900,17031835500,260,2021-06-28
17031691000,17031835500,96,2021-06-28
17031691500,17031835500,101,2021-06-28
17031710900,17031835500,91,2021-06-28
17031730400,17031835500,105,2021-06-28
17031814300,17031835500,111,2021-06-28
17031816700,17031835500,189,2021-06-28
17031820901,17031835500,84,2021-06-28
17031821600,17031835500,226,2021-06-28
17031822102,17031835500,94,2021-06-28
17031822301,17031835500,111,2021-06-28
17031832900,17031835500,147,2021-06-28
17031835500,17031835500,415,2021-06-28
17031835700,17031835500,104,2021-06-28
17031836600,17031835500,218,2021-06-28
17031839000,17031835500,202,2021-06-28
17031839100,17031835500,90,2021-06-28
17031839700,17031835500,83,2021-06-28
17031839800,17031835500,229,2021-06-28
17031840400,17031835500,321,2021-06-28
17031842400,17031835500,118,2021-06-28
17031842500,17031835500,124,2021-06-28
17031842600,17031835500,688,2021-06-28
17031842800,17031835500,87,2021-06-28
17031843000,17031835500,103,2021-06-28
17031062600,17031835500,223,2021-07-05
17031063000,17031835500,103,2021-07-05
17031080300,17031835500,413,2021-07-05
17031081000,17031835500,190,2021-07-05
17031081201,17031835500,89,2021-07-05
17031081402,17031835500,112,2021-07-05
17031081403,17031835500,209,2021-07-05
17031081500,17031835500,164,2021-07-05
17031081600,17031835500,101,2021-07-05
17031081700,17031835500,273,2021-07-05
17031140800,17031835500,112,2021-07-05
17031190300,17031835500,123,2021-07-05
17031191000,17031835500,94,2021-07-05
17031191200,17031835500,127,2021-07-05
17031191302,17031835500,105,2021-07-05
17031200100,17031835500,113,2021-07-05
17031200300,17031835500,95,2021-07-05
17031280800,17031835500,89,2021-07-05
17031330100,17031835500,132,2021-07-05
17031351000,17031835500,212,2021-07-05
17031380700,17031835500,96,2021-07-05
17031381700,17031835500,122,2021-07-05
17031381900,17031835500,116,2021-07-05
17031390100,17031835500,189,2021-07-05
17031410800,17031835500,209,2021-07-05
17031411100,17031835500,77,2021-07-05
17031431302,17031835500,149,2021-07-05
17031440600,17031835500,90,2021-07-05
17031490300,17031835500,83,2021-07-05
17031580600,17031835500,96,2021-07-05
17031590500,17031835500,115,2021-07-05
17031600400,17031835500,103,2021-07-05
17031600900,17031835500,100,2021-07-05
17031610300,17031835500,652,2021-07-05
17031610400,17031835500,85,2021-07-05
17031611000,17031835500,82,2021-07-05
17031611500,17031835500,199,2021-07-05
17031671200,17031835500,96,2021-07-05
17031691200,17031835500,92,2021-07-05
17031691300,17031835500,124,2021-07-05
17031700301,17031835500,86,2021-07-05
17031710300,17031835500,112,2021-07-05
17031750500,17031835500,112,2021-07-05
17031750600,17031835500,79,2021-07-05
17031813801,17031835500,402,2021-07-05
17031814200,17031835500,275,2021-07-05
17031815000,17031835500,89,2021-07-05
17031820902,17031835500,95,2021-07-05
17031823001,17031835500,79,2021-07-05
17031830500,17031835500,95,2021-07-05
17031831000,17031835500,103,2021-07-05
17031832200,17031835500,85,2021-07-05
17031834700,17031835500,96,2021-07-05
17031835500,17031835500,452,2021-07-05
17031835900,17031835500,107,2021-07-05
17031836100,17031835500,103,2021-07-05
17031836200,17031835500,124,2021-07-05
17031836800,17031835500,226,2021-07-05
17031838200,17031835500,366,2021-07-05
17031839100,17031835500,103,2021-07-05
17031839600,17031835500,166,2021-07-05
17031839800,17031835500,77,2021-07-05
17031839900,17031835500,86,2021-07-05
17031840400,17031835500,101,2021-07-05
17031841000,17031835500,130,2021-07-05
17031841100,17031835500,171,2021-07-05
17031841900,17031835500,181,2021-07-05
17031842400,17031835500,115,2021-07-05
17031842600,17031835500,496,2021-07-05
17031980000,17031835500,250,2021-07-05
17043845809,17031835500,130,2021-07-05
18089020200,17031835500,99,2021-07-05
17031030601,17031835500,127,2021-07-12
17031071600,17031835500,124,2021-07-12
17031080100,17031835500,125,2021-07-12
17031080202,17031835500,110,2021-07-12
17031080300,17031835500,229,2021-07-12
17031081201,17031835500,214,2021-07-12
17031081300,17031835500,78,2021-07-12
17031081401,17031835500,99,2021-07-12
17031081402,17031835500,270,2021-07-12
17031081403,17031835500,307,2021-07-12
17031081500,17031835500,143,2021-07-12
17031081600,17031835500,221,2021-07-12
17031081700,17031835500,284,2021-07-12
17031140100,17031835500,80,2021-07-12
17031160601,17031835500,112,2021-07-12
17031240800,17031835500,97,2021-07-12
17031241200,17031835500,136,2021-07-12
17031241400,17031835500,105,2021-07-12
17031282800,17031835500,143,2021-07-12
17031310600,17031835500,137,2021-07-12
17031320100,17031835500,663,2021-07-12
17031320400,17031835500,376,2021-07-12
17031320600,17031835500,370,2021-07-12
17031330100,17031835500,436,2021-07-12
17031330200,17031835500,430,2021-07-12
17031340400,17031835500,107,2021-07-12
17031340500,17031835500,136,2021-07-12
17031380100,17031835500,107,2021-07-12
17031381200,17031835500,147,2021-07-12
17031381700,17031835500,98,2021-07-12
17031400300,17031835500,136,2021-07-12
17031410100,17031835500,131,2021-07-12
17031410700,17031835500,219,2021-07-12
17031440202,17031835500,87,2021-07-12
17031440900,17031835500,236,2021-07-12
17031570200,17031835500,102,2021-07-12
17031580100,17031835500,265,2021-07-12
17031580502,17031835500,108,2021-07-12
17031580800,17031835500,100,2021-07-12
17031610300,17031835500,1147,2021-07-12
17031610400,17031835500,207,2021-07-12
17031610800,17031835500,194,2021-07-12
17031611000,17031835500,93,2021-07-12
17031611100,17031835500,203,2021-07-12
17031611200,17031835500,105,2021-07-12
17031611300,17031835500,192,2021-07-12
17031611500,17031835500,98,2021-07-12
17031611800,17031835500,123,2021-07-12
17031630400,17031835500,132,2021-07-12
17031630800,17031835500,87,2021-07-12
17031650500,17031835500,104,2021-07-12
17031670200,17031835500,96,2021-07-12
17031671100,17031835500,110,2021-07-12
17031681200,17031835500,121,2021-07-12
17031690900,17031835500,199,2021-07-12
17031813801,17031835500,113,2021-07-12
17031814200,17031835500,87,2021-07-12
17031815100,17031835500,91,2021-07-12
17031820901,17031835500,187,2021-07-12
17031820902,17031835500,110,2021-07-12
17031825501,17031835500,92,2021-07-12
17031827500,17031835500,78,2021-07-12
17031830900,17031835500,78,2021-07-12
17031832900,17031835500,143,2021-07-12
17031834200,17031835500,84,2021-07-12
17031835500,17031835500,611,2021-07-12
17031835800,17031835500,134,2021-07-12
17031836200,17031835500,306,2021-07-12
17031837100,17031835500,84,2021-07-12
17031838300,17031835500,182,2021-07-12
17031839000,17031835500,127,2021-07-12
17031839100,17031835500,222,2021-07-12
17031839800,17031835500,209,2021-07-12
17031840000,17031835500,95,2021-07-12
17031840200,17031835500,182,2021-07-12
17031840300,17031835500,128,2021-07-12
17031840400,17031835500,237,2021-07-12
17031840700,17031835500,109,2021-07-12
17031841100,17031835500,90,2021-07-12
17031841900,17031835500,110,2021-07-12
17031842600,17031835500,920,2021-07-12
17031842800,17031835500,194,2021-07-12
17031842900,17031835500,107,2021-07-12
17031843300,17031835500,178,2021-07-12
18089021300,17031835500,85,2021-07-12
18089030400,17031835500,120,2021-07-12
18089030900,17031835500,143,2021-07-12
18089031000,17031835500,80,2021-07-12
17031030601,17031835500,109,2021-07-19
17031031400,17031835500,130,2021-07-19
17031031501,17031835500,80,2021-07-19
17031071600,17031835500,90,2021-07-19
17031080202,17031835500,90,2021-07-19
17031080400,17031835500,107,2021-07-19
17031081401,17031835500,545,2021-07-19
17031081403,17031835500,200,2021-07-19
17031081500,17031835500,108,2021-07-19
17031081600,17031835500,272,2021-07-19
17031081700,17031835500,217,2021-07-19
17031210602,17031835500,100,2021-07-19
17031220601,17031835500,123,2021-07-19
17031241400,17031835500,138,2021-07-19
17031280100,17031835500,242,2021-07-19
17031281900,17031835500,83,2021-07-19
17031301600,17031835500,88,2021-07-19
17031310800,17031835500,80,2021-07-19
17031320100,17031835500,421,2021-07-19
17031320400,17031835500,87,2021-07-19
17031351000,17031835500,85,2021-07-19
17031351100,17031835500,92,2021-07-19
17031390200,17031835500,244,2021-07-19
17031440300,17031835500,82,2021-07-19
17031460500,17031835500,88,2021-07-19
17031580502,17031835500,101,2021-07-19
17031590500,17031835500,134,2021-07-19
17031600400,17031835500,105,2021-07-19
17031610300,17031835500,814,2021-07-19
17031610400,17031835500,80,2021-07-19
17031611000,17031835500,167,2021-07-19
17031611200,17031835500,108,2021-07-19
17031611300,17031835500,119,2021-07-19
17031611900,17031835500,111,2021-07-19
17031650500,17031835500,96,2021-07-19
17031670700,17031835500,113,2021-07-19
17031690400,17031835500,85,2021-07-19
17031690900,17031835500,149,2021-07-19
17031710300,17031835500,113,2021-07-19
17031710500,17031835500,123,2021-07-19
17031710800,17031835500,99,2021-07-19
17031711200,17031835500,96,2021-07-19
17031730400,17031835500,120,2021-07-19
17031808100,17031835500,90,2021-07-19
17031813801,17031835500,210,2021-07-19
17031814200,17031835500,182,2021-07-19
17031815600,17031835500,84,2021-07-19
17031820400,17031835500,97,2021-07-19
17031821102,17031835500,152,2021-07-19
17031822102,17031835500,92,2021-07-19
17031823001,17031835500,113,2021-07-19
17031823703,17031835500,97,2021-07-19
17031826201,17031835500,90,2021-07-19
17031831000,17031835500,97,2021-07-19
17031833000,17031835500,454,2021-07-19
17031833100,17031835500,117,2021-07-19
17031835000,17031835500,124,2021-07-19
17031835100,17031835500,170,2021-07-19
17031835500,17031835500,676,2021-07-19
17031835600,17031835500,185,2021-07-19
17031836300,17031835500,137,2021-07-19
17031838300,17031835500,80,2021-07-19
17031839000,17031835500,92,2021-07-19
17031839100,17031835500,328,2021-07-19
17031840000,17031835500,82,2021-07-19
17031840200,17031835500,102,2021-07-19
17031840300,17031835500,89,2021-07-19
17031840400,17031835500,196,2021-07-19
17031841100,17031835500,102,2021-07-19
17031841900,17031835500,151,2021-07-19
17031842000,17031835500,180,2021-07-19
17031842300,17031835500,80,2021-07-19
17031842600,17031835500,781,2021-07-19
17031842800,17031835500,97,2021-07-19
17031843000,17031835500,118,2021-07-19
17031843200,17031835500,85,2021-07-19
17031843300,17031835500,207,2021-07-19
17031843500,17031835500,186,2021-07-19
17031843600,17031835500,188,2021-07-19
18089030900,17031835500,133,2021-07-19
18127050203,17031835500,102,2021-07-19
17031031400,17031835500,130,2021-07-26
17031071200,17031835500,152,2021-07-26
17031071400,17031835500,136,2021-07-26
17031080300,17031835500,120,2021-07-26
17031080400,17031835500,93,2021-07-26
17031081100,17031835500,80,2021-07-26
17031081402,17031835500,108,2021-07-26
17031081403,17031835500,328,2021-07-26
17031081500,17031835500,110,2021-07-26
17031081600,17031835500,92,2021-07-26
17031081700,17031835500,523,2021-07-26
17031081800,17031835500,117,2021-07-26
17031081900,17031835500,110,2021-07-26
17031140800,17031835500,94,2021-07-26
17031220702,17031835500,117,2021-07-26
17031222900,17031835500,80,2021-07-26
17031231200,17031835500,87,2021-07-26
17031310500,17031835500,95,2021-07-26
17031320100,17031835500,98,2021-07-26
17031320600,17031835500,202,2021-07-26
17031350100,17031835500,101,2021-07-26
17031351400,17031835500,116,2021-07-26
17031351500,17031835500,216,2021-07-26
17031380100,17031835500,104,2021-07-26
17031380700,17031835500,127,2021-07-26
17031381700,17031835500,118,2021-07-26
17031381900,17031835500,116,2021-07-26
17031390100,17031835500,100,2021-07-26
17031390200,17031835500,109,2021-07-26
17031390300,17031835500,141,2021-07-26
17031390600,17031835500,138,2021-07-26
17031440101,17031835500,100,2021-07-26
17031560400,17031835500,96,2021-07-26
17031570200,17031835500,84,2021-07-26
17031580502,17031835500,99,2021-07-26
17031580800,17031835500,271,2021-07-26
17031600400,17031835500,104,2021-07-26
17031610300,17031835500,599,2021-07-26
17031610800,17031835500,198,2021-07-26
17031611000,17031835500,179,2021-07-26
17031611100,17031835500,86,2021-07-26
17031611400,17031835500,135,2021-07-26
17031611800,17031835500,108,2021-07-26
17031620100,17031835500,94,2021-07-26
17031620200,17031835500,93,2021-07-26
17031620300,17031835500,142,2021-07-26
17031661000,17031835500,113,2021-07-26
17031700302,17031835500,98,2021-07-26
17031700402,17031835500,82,2021-07-26
17031710400,17031835500,117,2021-07-26
17031710600,17031835500,107,2021-07-26
17031802702,17031835500,87,2021-07-26
17031804603,17031835500,103,2021-07-26
17031810200,17031835500,91,2021-07-26
17031814200,17031835500,396,2021-07-26
17031815600,17031835500,104,2021-07-26
17031816100,17031835500,99,2021-07-26
17031820901,17031835500,98,2021-07-26
17031820902,17031835500,100,2021-07-26
17031821900,17031835500,96,2021-07-26
17031822000,17031835500,86,2021-07-26
17031823904,17031835500,149,2021-07-26
17031826901,17031835500,94,2021-07-26
17031831100,17031835500,102,2021-07-26
17031831600,17031835500,88,2021-07-26
17031833100,17031835500,98,2021-07-26
17031835500,17031835500,620,2021-07-26
17031835600,17031835500,101,2021-07-26
17031839000,17031835500,112,2021-07-26
17031839100,17031835500,424,2021-07-26
17031839200,17031835500,114,2021-07-26
17031839800,17031835500,180,2021-07-26
17031839900,17031835500,250,2021-07-26
17031840000,17031835500,85,2021-07-26
17031840200,17031835500,181,2021-07-26
17031840400,17031835500,373,2021-07-26
17031841100,17031835500,107,2021-07-26
17031841800,17031835500,121,2021-07-26
17031842400,17031835500,102,2021-07-26
17031842600,17031835500,620,2021-07-26
17031842900,17031835500,94,2021-07-26
17031843000,17031835500,96,2021-07-26
17031843600,17031835500,101,2021-07-26
17031843900,17031835500,118,2021-07-26
17043846702,17031835500,112,2021-07-26
17097861509,17031835500,482,2021-07-26
17197884103,17031835500,206,2021-07-26
17031020200,17031835500,113,2021-08-02
17031031400,17031835500,97,2021-08-02
17031081300,17031835500,122,2021-08-02
17031081700,17031835500,106,2021-08-02
17031320600,17031835500,332,2021-08-02
17031381500,17031835500,124,2021-08-02
17031381700,17031835500,125,2021-08-02
17031390100,17031835500,81,2021-08-02
17031410100,17031835500,155,2021-08-02
17031410700,17031835500,95,2021-08-02
17031410800,17031835500,131,2021-08-02
17031410900,17031835500,97,2021-08-02
17031411000,17031835500,126,2021-08-02
17031430500,17031835500,147,2021-08-02
17031460400,17031835500,264,2021-08-02
17031490500,17031835500,106,2021-08-02
17031500200,17031835500,107,2021-08-02
17031550100,17031835500,142,2021-08-02
17031570300,17031835500,88,2021-08-02
17031580502,17031835500,193,2021-08-02
17031610300,17031835500,715,2021-08-02
17031610400,17031835500,81,2021-08-02
17031611000,17031835500,94,2021-08-02
17031611700,17031835500,122,2021-08-02
17031611800,17031835500,131,2021-08-02
17031671900,17031835500,100,2021-08-02
17031690900,17031835500,167,2021-08-02
17031691200,17031835500,107,2021-08-02
17031711100,17031835500,85,2021-08-02
17031730400,17031835500,153,2021-08-02
17031750500,17031835500,122,2021-08-02
17031804603,17031835500,567,2021-08-02
17031814200,17031835500,310,2021-08-02
17031820901,17031835500,102,2021-08-02
17031824506,17031835500,112,2021-08-02
17031826901,17031835500,101,2021-08-02
17031827500,17031835500,163,2021-08-02
17031828402,17031835500,97,2021-08-02
17031830500,17031835500,112,2021-08-02
17031830700,17031835500,81,2021-08-02
17031830900,17031835500,121,2021-08-02
17031833900,17031835500,95,2021-08-02
17031835100,17031835500,133,2021-08-02
17031835500,17031835500,1551,2021-08-02
17031835800,17031835500,86,2021-08-02
17031836300,17031835500,254,2021-08-02
17031837000,17031835500,180,2021-08-02
17031838100,17031835500,125,2021-08-02
17031838200,17031835500,550,2021-08-02
17031839000,17031835500,96,2021-08-02
17031839100,17031835500,329,2021-08-02
17031839500,17031835500,198,2021-08-02
17031839900,17031835500,178,2021-08-02
17031840400,17031835500,466,2021-08-02
17031841100,17031835500,104,2021-08-02
17031841700,17031835500,109,2021-08-02
17031841900,17031835500,378,2021-08-02
17031842200,17031835500,108,2021-08-02
17031842400,17031835500,92,2021-08-02
17031842600,17031835500,526,2021-08-02
17031842900,17031835500,193,2021-08-02
17031843000,17031835500,126,2021-08-02
17097861509,17031835500,98,2021-08-02
18089020200,17031835500,88,2021-08-02
17031061100,17031835500,111,2021-08-09
17031062900,17031835500,88,2021-08-09
17031081000,17031835500,106,2021-08-09
17031081300,17031835500,91,2021-08-09
17031081402,17031835500,97,2021-08-09
17031081403,17031835500,212,2021-08-09
17031081700,17031835500,89,2021-08-09
17031081800,17031835500,111,2021-08-09
17031081900,17031835500,166,2021-08-09
17031140800,17031835500,92,2021-08-09
17031200402,17031835500,124,2021-08-09
17031243000,17031835500,168,2021-08-09
17031243100,17031835500,141,2021-08-09
17031300900,17031835500,104,2021-08-09
17031310800,17031835500,113,2021-08-09
17031320100,17031835500,80,2021-08-09
17031330100,17031835500,114,2021-08-09
17031330200,17031835500,110,2021-08-09
17031381500,17031835500,89,2021-08-09
17031410100,17031835500,172,2021-08-09
17031410800,17031835500,112,2021-08-09
17031461000,17031835500,105,2021-08-09
17031480300,17031835500,111,2021-08-09
17031480400,17031835500,159,2021-08-09
17031490400,17031835500,99,2021-08-09
17031490600,17031835500,125,2021-08-09
17031500100,17031835500,197,2021-08-09
17031570200,17031835500,148,2021-08-09
17031580800,17031835500,101,2021-08-09
17031590700,17031835500,96,2021-08-09
17031600400,17031835500,101,2021-08-09
17031610300,17031835500,402,2021-08-09
17031610400,17031835500,104,2021-08-09
17031610800,17031835500,174,2021-08-09
17031611200,17031835500,117,2021-08-09
17031611400,17031835500,101,2021-08-09
17031620200,17031835500,109,2021-08-09
17031650200,17031835500,92,2021-08-09
17031650500,17031835500,218,2021-08-09
17031660600,17031835500,259,2021-08-09
17031691000,17031835500,201,2021-08-09
17031710300,17031835500,90,2021-08-09
17031710400,17031835500,109,2021-08-09
17031811302,17031835500,104,2021-08-09
17031813701,17031835500,131,2021-08-09
17031816200,17031835500,181,2021-08-09
17031820901,17031835500,227,2021-08-09
17031821001,17031835500,95,2021-08-09
17031821600,17031835500,419,2021-08-09
17031822900,17031835500,128,2021-08-09
17031827500,17031835500,137,2021-08-09
17031832600,17031835500,80,2021-08-09
17031833100,17031835500,91,2021-08-09
17031833300,17031835500,508,2021-08-09
17031834300,17031835500,91,2021-08-09
17031835000,17031835500,94,2021-08-09
17031835500,17031835500,1333,2021-08-09
17031837100,17031835500,216,2021-08-09
17031838100,17031835500,277,2021-08-09
17031838300,17031835500,131,2021-08-09
17031839000,17031835500,80,2021-08-09
17031839100,17031835500,203,2021-08-09
17031839200,17031835500,124,2021-08-09
17031839800,17031835500,100,2021-08-09
17031839900,17031835500,89,2021-08-09
17031840000,17031835500,183,2021-08-09
17031840400,17031835500,451,2021-08-09
17031841100,17031835500,91,2021-08-09
17031841900,17031835500,178,2021-08-09
17031842300,17031835500,106,2021-08-09
17031842400,17031835500,90,2021-08-09
17031842600,17031835500,754,2021-08-09
17031842800,17031835500,90,2021-08-09
17031842900,17031835500,182,2021-08-09
17031843100,17031835500,139,2021-08-09
17031843200,17031835500,123,2021-08-09
17031843800,17031835500,98,2021-08-09
17031980000,17031835500,179,2021-08-09
17097866200,17031835500,85,2021-08-09
55059002602,17031835500,251,2021-08-09
17031010702,17031835500,84,2021-08-16
17031020100,17031835500,142,2021-08-16
17031020200,17031835500,117,2021-08-16
17031020302,17031835500,105,2021-08-16
17031020902,17031835500,336,2021-08-16
17031031400,17031835500,135,2021-08-16
17031040300,17031835500,161,2021-08-16
17031062600,17031835500,101,2021-08-16
17031062900,17031835500,145,2021-08-16
17031063200,17031835500,79,2021-08-16
17031071300,17031835500,216,2021-08-16
17031071400,17031835500,188,2021-08-16
17031081000,17031835500,157,2021-08-16
17031081201,17031835500,94,2021-08-16
17031081402,17031835500,116,2021-08-16
17031081403,17031835500,82,2021-08-16
17031081500,17031835500,93,2021-08-16
17031081700,17031835500,312,2021-08-16
17031140601,17031835500,116,2021-08-16
17031222700,17031835500,94,2021-08-16
17031230500,17031835500,83,2021-08-16
17031242700,17031835500,123,2021-08-16
17031292500,17031835500,116,2021-08-16
17031320100,17031835500,119,2021-08-16
17031330100,17031835500,138,2021-08-16
17031330200,17031835500,125,2021-08-16
17031340500,17031835500,139,2021-08-16
17031380200,17031835500,111,2021-08-16
17031380500,17031835500,203,2021-08-16
17031381700,17031835500,108,2021-08-16
17031390300,17031835500,132,2021-08-16
17031400300,17031835500,132,2021-08-16
17031410100,17031835500,86,2021-08-16
17031410800,17031835500,92,2021-08-16
17031410900,17031835500,199,2021-08-16
17031420200,17031835500,150,2021-08-16
17031420600,17031835500,166,2021-08-16
17031431400,17031835500,154,2021-08-16
17031510100,17031835500,95,2021-08-16
17031570300,17031835500,183,2021-08-16
17031570500,17031835500,97,2021-08-16
17031580300,17031835500,94,2021-08-16
17031580502,17031835500,123,2021-08-16
17031580800,17031835500,94,2021-08-16
17031590500,17031835500,115,2021-08-16
17031590700,17031835500,106,2021-08-16
17031600400,17031835500,99,2021-08-16
17031610300,17031835500,831,2021-08-16
17031610400,17031835500,82,2021-08-16
17031611000,17031835500,182,2021-08-16
17031611300,17031835500,200,2021-08-16
17031620200,17031835500,111,2021-08-16
17031650500,17031835500,211,2021-08-16
17031681200,17031835500,96,2021-08-16
17031691200,17031835500,92,2021-08-16
17031710800,17031835500,104,2021-08-16
17031720100,17031835500,101,2021-08-16
17031730600,17031835500,108,2021-08-16
17031750200,17031835500,96,2021-08-16
17031750500,17031835500,81,2021-08-16
17031770500,17031835500,116,2021-08-16
17031801300,17031835500,248,2021-08-16
17031809500,17031835500,167,2021-08-16
17031813600,17031835500,180,2021-08-16
17031813801,17031835500,214,2021-08-16
17031814200,17031835500,193,2021-08-16
17031820502,17031835500,169,2021-08-16
17031822301,17031835500,85,2021-08-16
17031822900,17031835500,197,2021-08-16
17031823200,17031835500,165,2021-08-16
17031823400,17031835500,158,2021-08-16
17031826901,17031835500,96,2021-08-16
17031827500,17031835500,384,2021-08-16
17031828300,17031835500,218,2021-08-16
17031833100,17031835500,259,2021-08-16
17031835500,17031835500,915,2021-08-16
17031835600,17031835500,86,2021-08-16
17031836300,17031835500,125,2021-08-16
17031839100,17031835500,263,2021-08-16
17031839200,17031835500,179,2021-08-16
17031839500,17031835500,182,2021-08-16
17031839800,17031835500,174,2021-08-16
17031839900,17031835500,486,2021-08-16
17031840200,17031835500,192,2021-08-16
17031840300,17031835500,100,2021-08-16
17031840400,17031835500,681,2021-08-16
17031841100,17031835500,284,2021-08-16
17031842000,17031835500,232,2021-08-16
17031842200,17031835500,125,2021-08-16
17031842400,17031835500,79,2021-08-16
17031842600,17031835500,855,2021-08-16
17031842900,17031835500,148,2021-08-16
17031843500,17031835500,143,2021-08-16
17031843600,17031835500,85,2021-08-16
17043846509,17031835500,116,2021-08-16
17097861509,17031835500,175,2021-08-16
17197880109,17031835500,181,2021-08-16
17197880117,17031835500,83,2021-08-16
18089040801,17031835500,82,2021-08-16
18089041800,17031835500,118,2021-08-16
17031031501,17031835500,123,2021-08-23
17031062600,17031835500,137,2021-08-23
17031071100,17031835500,93,2021-08-23
17031081401,17031835500,164,2021-08-23
17031081403,17031835500,110,2021-08-23
17031081700,17031835500,364,2021-08-23
17031230500,17031835500,88,2021-08-23
17031231200,17031835500,90,2021-08-23
17031260900,17031835500,98,2021-08-23
17031300800,17031835500,105,2021-08-23
17031310300,17031835500,134,2021-08-23
17031310900,17031835500,105,2021-08-23
17031351000,17031835500,126,2021-08-23
17031380700,17031835500,103,2021-08-23
17031411000,17031835500,187,2021-08-23
17031510100,17031835500,98,2021-08-23
17031580600,17031835500,200,2021-08-23
17031580800,17031835500,196,2021-08-23
17031590700,17031835500,101,2021-08-23
17031600400,17031835500,100,2021-08-23
17031610300,17031835500,705,2021-08-23
17031610400,17031835500,107,2021-08-23
17031610800,17031835500,153,2021-08-23
17031611200,17031835500,89,2021-08-23
17031611300,17031835500,107,2021-08-23
17031630300,17031835500,188,2021-08-23
17031650400,17031835500,95,2021-08-23
17031650500,17031835500,405,2021-08-23
17031661000,17031835500,110,2021-08-23
17031670500,17031835500,290,2021-08-23
17031670900,17031835500,136,2021-08-23
17031680500,17031835500,113,2021-08-23
17031680900,17031835500,84,2021-08-23
17031700301,17031835500,143,2021-08-23
17031700401,17031835500,97,2021-08-23
17031710300,17031835500,114,2021-08-23
17031710800,17031835500,131,2021-08-23
17031730400,17031835500,102,2021-08-23
17031801800,17031835500,79,2021-08-23
17031806502,17031835500,85,2021-08-23
17031807700,17031835500,96,2021-08-23
17031810502,17031835500,105,2021-08-23
17031813302,17031835500,203,2021-08-23
17031814200,17031835500,85,2021-08-23
17031814800,17031835500,206,2021-08-23
17031815600,17031835500,166,2021-08-23
17031820202,17031835500,89,2021-08-23
17031820400,17031835500,83,2021-08-23
17031820901,17031835500,283,2021-08-23
17031820902,17031835500,207,2021-08-23
17031821402,17031835500,353,2021-08-23
17031822900,17031835500,90,2021-08-23
17031827500,17031835500,238,2021-08-23
17031830900,17031835500,113,2021-08-23
17031831300,17031835500,102,2021-08-23
17031832100,17031835500,208,2021-08-23
17031835200,17031835500,86,2021-08-23
17031835500,17031835500,827,2021-08-23
17031836200,17031835500,451,2021-08-23
17031836300,17031835500,134,2021-08-23
17031836400,17031835500,109,2021-08-23
17031838100,17031835500,121,2021-08-23
17031838200,17031835500,162,2021-08-23
17031839100,17031835500,101,2021-08-23
17031839500,17031835500,88,2021-08-23
17031839900,17031835500,250,2021-08-23
17031840400,17031835500,330,2021-08-23
17031841300,17031835500,123,2021-08-23
17031841900,17031835500,312,2021-08-23
17031842600,17031835500,1055,2021-08-23
17031842800,17031835500,202,2021-08-23
17031842900,17031835500,194,2021-08-23
17031843000,17031835500,219,2021-08-23
17031843600,17031835500,109,2021-08-23
17043843301,17031835500,165,2021-08-23
18089020700,17031835500,319,2021-08-23
18089042703,17031835500,81,2021-08-23
17031010300,17031835500,84,2021-08-30
17031061100,17031835500,198,2021-08-30
17031071300,17031835500,104,2021-08-30
17031081000,17031835500,83,2021-08-30
17031081100,17031835500,204,2021-08-30
17031081201,17031835500,115,2021-08-30
17031081401,17031835500,95,2021-08-30
17031081700,17031835500,99,2021-08-30
17031140701,17031835500,100,2021-08-30
17031170800,17031835500,84,2021-08-30
17031180100,17031835500,93,2021-08-30
17031191000,17031835500,79,2021-08-30
17031220702,17031835500,123,2021-08-30
17031330100,17031835500,227,2021-08-30
17031330200,17031835500,88,2021-08-30
17031381700,17031835500,116,2021-08-30
17031390700,17031835500,209,2021-08-30
17031410800,17031835500,86,2021-08-30
17031440102,17031835500,127,2021-08-30
17031440600,17031835500,95,2021-08-30
17031530200,17031835500,97,2021-08-30
17031560900,17031835500,80,2021-08-30
17031570500,17031835500,106,2021-08-30
17031580800,17031835500,193,2021-08-30
17031600400,17031835500,312,2021-08-30
17031610300,17031835500,1281,2021-08-30
17031610400,17031835500,180,2021-08-30
17031611200,17031835500,95,2021-08-30
17031611300,17031835500,82,2021-08-30
17031611400,17031835500,113,2021-08-30
17031611500,17031835500,521,2021-08-30
17031611800,17031835500,211,2021-08-30
17031650500,17031835500,121,2021-08-30
17031660700,17031835500,91,2021-08-30
17031700301,17031835500,204,2021-08-30
17031720700,17031835500,79,2021-08-30
17031770700,17031835500,133,2021-08-30
17031813600,17031835500,111,2021-08-30
17031814200,17031835500,384,2021-08-30
17031816402,17031835500,88,2021-08-30
17031820901,17031835500,377,2021-08-30
17031820902,17031835500,183,2021-08-30
17031823400,17031835500,129,2021-08-30
17031823904,17031835500,268,2021-08-30
17031826201,17031835500,82,2021-08-30
17031827500,17031835500,79,2021-08-30
17031830202,17031835500,258,2021-08-30
17031834300,17031835500,150,2021-08-30
17031834700,17031835500,96,2021-08-30
17031835000,17031835500,124,2021-08-30
17031835500,17031835500,803,2021-08-30
17031836300,17031835500,289,2021-08-30
17031838200,17031835500,404,2021-08-30
17031839200,17031835500,202,2021-08-30
17031840400,17031835500,335,2021-08-30
17031841100,17031835500,194,2021-08-30
17031841500,17031835500,337,2021-08-30
17031842400,17031835500,384,2021-08-30
17031842600,17031835500,1621,2021-08-30
17031842900,17031835500,94,2021-08-30
17031843200,17031835500,105,2021-08-30
17031980000,17031835500,140,2021-08-30
17031980100,17031835500,116,2021-08-30
17043845901,17031835500,93,2021-08-30
17031030601,17031835500,114,2021-09-06
17031031501,17031835500,139,2021-09-06
17031040100,17031835500,115,2021-09-06
17031063000,17031835500,213,2021-09-06
17031080300,17031835500,88,2021-09-06
17031081100,17031835500,166,2021-09-06
17031081403,17031835500,118,2021-09-06
17031081500,17031835500,259,2021-09-06
17031081600,17031835500,301,2021-09-06
17031081700,17031835500,256,2021-09-06
17031081800,17031835500,97,2021-09-06
17031140800,17031835500,213,2021-09-06
17031191200,17031835500,207,2021-09-06
17031230200,17031835500,81,2021-09-06
17031240900,17031835500,126,2021-09-06
17031242600,17031835500,93,2021-09-06
17031242900,17031835500,147,2021-09-06
17031280900,17031835500,83,2021-09-06
17031281900,17031835500,203,2021-09-06
17031282800,17031835500,121,2021-09-06
17031301702,17031835500,129,2021-09-06
17031320100,17031835500,100,2021-09-06
17031330100,17031835500,209,2021-09-06
17031340600,17031835500,94,2021-09-06
17031380100,17031835500,128,2021-09-06
17031380200,17031835500,254,2021-09-06
17031380500,17031835500,210,2021-09-06
17031381700,17031835500,236,2021-09-06
17031390700,17031835500,174,2021-09-06
17031400500,17031835500,108,2021-09-06
17031431302,17031835500,124,2021-09-06
17031440900,17031835500,297,2021-09-06
17031580100,17031835500,225,2021-09-06
17031580200,17031835500,139,2021-09-06
17031580800,17031835500,98,2021-09-06
17031600400,17031835500,97,2021-09-06
17031610300,17031835500,1052,2021-09-06
17031610400,17031835500,110,2021-09-06
17031610800,17031835500,163,2021-09-06
17031611100,17031835500,336,2021-09-06
17031611200,17031835500,124,2021-09-06
17031611300,17031835500,94,2021-09-06
17031611500,17031835500,192,2021-09-06
17031630200,17031835500,277,2021-09-06
17031671200,17031835500,91,2021-09-06
17031720300,17031835500,178,2021-09-06
17031720700,17031835500,135,2021-09-06
17031730201,17031835500,136,2021-09-06
17031730400,17031835500,135,2021-09-06
17031730600,17031835500,110,2021-09-06
17031740400,17031835500,286,2021-09-06
17031806502,17031835500,293,2021-09-06
17031813000,17031835500,91,2021-09-06
17031814200,17031835500,104,2021-09-06
17031815600,17031835500,90,2021-09-06
17031820502,17031835500,89,2021-09-06
17031821102,17031835500,86,2021-09-06
17031822801,17031835500,96,2021-09-06
17031826201,17031835500,113,2021-09-06
17031826800,17031835500,97,2021-09-06
17031827500,17031835500,108,2021-09-06
17031830500,17031835500,96,2021-09-06
17031831800,17031835500,123,2021-09-06
17031834300,17031835500,137,2021-09-06
17031835500,17031835500,857,2021-09-06
17031835600,17031835500,193,2021-09-06
17031835800,17031835500,89,2021-09-06
17031835900,17031835500,129,2021-09-06
17031837100,17031835500,98,2021-09-06
17031839000,17031835500,110,2021-09-06
17031839100,17031835500,606,2021-09-06
17031839200,17031835500,117,2021-09-06
17031839500,17031835500,93,2021-09-06
17031839700,17031835500,144,2021-09-06
17031839900,17031835500,121,2021-09-06
17031840300,17031835500,92,2021-09-06
17031840400,17031835500,109,2021-09-06
17031840800,17031835500,177,2021-09-06
17031841100,17031835500,423,2021-09-06
17031841500,17031835500,169,2021-09-06
17031842300,17031835500,105,2021-09-06
17031842400,17031835500,332,2021-09-06
17031842600,17031835500,1158,2021-09-06
17031842800,17031835500,107,2021-09-06
17031842900,17031835500,90,2021-09-06
17031843200,17031835500,94,2021-09-06
17031843800,17031835500,270,2021-09-06
17031980000,17031835500,136,2021-09-06
17043840908,17031835500,98,2021-09-06
17043843000,17031835500,91,2021-09-06
18089012400,17031835500,157,2021-09-06
18089020400,17031835500,127,2021-09-06
18089020700,17031835500,220,2021-09-06
18089041200,17031835500,81,2021-09-06
17031030900,17031835500,90,2021-09-13
17031040900,17031835500,103,2021-09-13
17031060900,17031835500,82,2021-09-13
17031063200,17031835500,79,2021-09-13
17031080202,17031835500,100,2021-09-13
17031080300,17031835500,79,2021-09-13
17031081202,17031835500,155,2021-09-13
17031081402,17031835500,114,2021-09-13
17031081403,17031835500,276,2021-09-13
17031081600,17031835500,117,2021-09-13
17031081700,17031835500,208,2021-09-13
17031081800,17031835500,184,2021-09-13
17031160900,17031835500,79,2021-09-13
17031191200,17031835500,98,2021-09-13
17031210501,17031835500,142,2021-09-13
17031221100,17031835500,94,2021-09-13
17031230500,17031835500,87,2021-09-13
17031241000,17031835500,126,2021-09-13
17031241100,17031835500,97,2021-09-13
17031241600,17031835500,113,2021-09-13
17031242000,17031835500,93,2021-09-13
17031243400,17031835500,116,2021-09-13
17031280100,17031835500,205,2021-09-13
17031281900,17031835500,89,2021-09-13
17031282800,17031835500,141,2021-09-13
17031291200,17031835500,120,2021-09-13
17031301200,17031835500,120,2021-09-13
17031320100,17031835500,211,2021-09-13
17031320400,17031835500,121,2021-09-13
17031330100,17031835500,99,2021-09-13
17031380100,17031835500,127,2021-09-13
17031440202,17031835500,90,2021-09-13
17031570200,17031835500,91,2021-09-13
17031580600,17031835500,102,2021-09-13
17031590700,17031835500,231,2021-09-13
17031610300,17031835500,611,2021-09-13
17031611000,17031835500,106,2021-09-13
17031611300,17031835500,192,2021-09-13
17031611500,17031835500,331,2021-09-13
17031620200,17031835500,112,2021-09-13
17031630300,17031835500,82,2021-09-13
17031630500,17031835500,115,2021-09-13
17031630800,17031835500,90,2021-09-13
17031650500,17031835500,124,2021-09-13
17031670400,17031835500,115,2021-09-13
17031671400,17031835500,99,2021-09-13
17031770700,17031835500,120,2021-09-13
17031814200,17031835500,208,2021-09-13
17031818000,17031835500,181,2021-09-13
17031820101,17031835500,86,2021-09-13
17031820400,17031835500,83,2021-09-13
17031820901,17031835500,146,2021-09-13
17031821102,17031835500,297,2021-09-13
17031821600,17031835500,467,2021-09-13
17031821900,17031835500,221,2021-09-13
17031830008,17031835500,100,2021-09-13
17031830900,17031835500,79,2021-09-13
17031831600,17031835500,98,2021-09-13
17031835500,17031835500,1178,2021-09-13
17031835600,17031835500,95,2021-09-13
17031836200,17031835500,142,2021-09-13
17031836800,17031835500,98,2021-09-13
17031838100,17031835500,198,2021-09-13
17031839100,17031835500,503,2021-09-13
17031839600,17031835500,88,2021-09-13
17031839800,17031835500,88,2021-09-13
17031839900,17031835500,185,2021-09-13
17031840000,17031835500,221,2021-09-13
17031840200,17031835500,100,2021-09-13
17031840400,17031835500,280,2021-09-13
17031840700,17031835500,93,2021-09-13
17031841100,17031835500,196,2021-09-13
17031841500,17031835500,161,2021-09-13
17031842400,17031835500,564,2021-09-13
17031842600,17031835500,620,2021-09-13
17031843300,17031835500,132,2021-09-13
17031843500,17031835500,274,2021-09-13
17031843800,17031835500,301,2021-09-13
18089020200,17031835500,78,2021-09-13
18089020600,17031835500,74,2021-09-13
18089020700,17031835500,121,2021-09-13
18089040801,17031835500,75,2021-09-13
17031030601,17031835500,115,2021-09-20
17031070300,17031835500,144,2021-09-20
17031080400,17031835500,107,2021-09-20
17031081000,17031835500,116,2021-09-20
17031081201,17031835500,247,2021-09-20
17031081300,17031835500,98,2021-09-20
17031081402,17031835500,139,2021-09-20
17031081403,17031835500,235,2021-09-20
17031081500,17031835500,190,2021-09-20
17031081700,17031835500,386,2021-09-20
17031081800,17031835500,110,2021-09-20
17031140800,17031835500,174,2021-09-20
17031221100,17031835500,98,2021-09-20
17031222700,17031835500,190,2021-09-20
17031261000,17031835500,152,2021-09-20
17031283800,17031835500,98,2021-09-20
17031300600,17031835500,117,2021-09-20
17031300900,17031835500,99,2021-09-20
17031330100,17031835500,116,2021-09-20
17031330200,17031835500,79,2021-09-20
17031380100,17031835500,109,2021-09-20
17031380200,17031835500,161,2021-09-20
17031390300,17031835500,199,2021-09-20
17031400300,17031835500,141,2021-09-20
17031440102,17031835500,157,2021-09-20
17031490500,17031835500,218,2021-09-20
17031560900,17031835500,125,2021-09-20
17031570100,17031835500,85,2021-09-20
17031570200,17031835500,171,2021-09-20
17031570300,17031835500,85,2021-09-20
17031580502,17031835500,151,2021-09-20
17031580600,17031835500,130,2021-09-20
17031580800,17031835500,92,2021-09-20
17031590700,17031835500,265,2021-09-20
17031610300,17031835500,615,2021-09-20
17031611000,17031835500,361,2021-09-20
17031611200,17031835500,118,2021-09-20
17031611300,17031835500,98,2021-09-20
17031611500,17031835500,499,2021-09-20
17031620200,17031835500,116,2021-09-20
17031630800,17031835500,118,2021-09-20
17031802900,17031835500,85,2021-09-20
17031814200,17031835500,406,2021-09-20
17031818000,17031835500,159,2021-09-20
17031820901,17031835500,122,2021-09-20
17031820902,17031835500,99,2021-09-20
17031821102,17031835500,166,2021-09-20
17031827902,17031835500,132,2021-09-20
17031828402,17031835500,100,2021-09-20
17031831100,17031835500,133,2021-09-20
17031833100,17031835500,242,2021-09-20
17031833300,17031835500,161,2021-09-20
17031835500,17031835500,851,2021-09-20
17031835800,17031835500,143,2021-09-20
17031836800,17031835500,101,2021-09-20
17031836900,17031835500,109,2021-09-20
17031838200,17031835500,184,2021-09-20
17031839000,17031835500,305,2021-09-20
17031839100,17031835500,674,2021-09-20
17031839900,17031835500,216,2021-09-20
17031840200,17031835500,365,2021-09-20
17031840300,17031835500,318,2021-09-20
17031840400,17031835500,323,2021-09-20
17031840700,17031835500,117,2021-09-20
17031841500,17031835500,135,2021-09-20
17031841900,17031835500,368,2021-09-20
17031842200,17031835500,118,2021-09-20
17031842400,17031835500,197,2021-09-20
17031842600,17031835500,1092,2021-09-20
17031842800,17031835500,103,2021-09-20
17031842900,17031835500,193,2021-09-20
17031843500,17031835500,192,2021-09-20
17031980100,17031835500,153,2021-09-20
17043840904,17031835500,97,2021-09-20
17197880109,17031835500,98,2021-09-20
17197880415,17031835500,107,2021-09-20
18089020700,17031835500,124,2021-09-20
17031020702,17031835500,190,2021-09-27
17031062800,17031835500,96,2021-09-27
17031063400,17031835500,134,2021-09-27
17031071200,17031835500,130,2021-09-27
17031071400,17031835500,133,2021-09-27
17031081202,17031835500,115,2021-09-27
17031081403,17031835500,93,2021-09-27
17031081600,17031835500,212,2021-09-27
17031081700,17031835500,244,2021-09-27
17031081800,17031835500,249,2021-09-27
17031100100,17031835500,156,2021-09-27
17031140800,17031835500,119,2021-09-27
17031190300,17031835500,89,2021-09-27
17031191200,17031835500,276,2021-09-27
17031191302,17031835500,100,2021-09-27
17031230500,17031835500,87,2021-09-27
17031241400,17031835500,187,2021-09-27
17031281900,17031835500,214,2021-09-27
17031282800,17031835500,114,2021-09-27
17031300600,17031835500,104,2021-09-27
17031301701,17031835500,85,2021-09-27
17031310600,17031835500,86,2021-09-27
17031320100,17031835500,456,2021-09-27
17031320600,17031835500,121,2021-09-27
17031420200,17031835500,131,2021-09-27
17031440800,17031835500,115,2021-09-27
17031480400,17031835500,137,2021-09-27
17031490500,17031835500,180,2021-09-27
17031510300,17031835500,91,2021-09-27
17031570200,17031835500,105,2021-09-27
17031570300,17031835500,89,2021-09-27
17031580100,17031835500,116,2021-09-27
17031580200,17031835500,98,2021-09-27
17031580502,17031835500,298,2021-09-27
17031580600,17031835500,236,2021-09-27
17031580800,17031835500,96,2021-09-27
17031610300,17031835500,929,2021-09-27
17031611300,17031835500,174,2021-09-27
17031611700,17031835500,143,2021-09-27
17031620200,17031835500,89,2021-09-27
17031630300,17031835500,80,2021-09-27
17031650500,17031835500,273,2021-09-27
17031671100,17031835500,108,2021-09-27
17031740200,17031835500,188,2021-09-27
17031810301,17031835500,210,2021-09-27
17031811301,17031835500,119,2021-09-27
17031813801,17031835500,117,2021-09-27
17031814200,17031835500,100,2021-09-27
17031818000,17031835500,187,2021-09-27
17031819100,17031835500,104,2021-09-27
17031819200,17031835500,182,2021-09-27
17031819300,17031835500,192,2021-09-27
17031820901,17031835500,97,2021-09-27
17031821102,17031835500,207,2021-09-27
17031823602,17031835500,207,2021-09-27
17031828401,17031835500,203,2021-09-27
17031828505,17031835500,112,2021-09-27
17031830900,17031835500,117,2021-09-27
17031835500,17031835500,778,2021-09-27
17031835600,17031835500,91,2021-09-27
17031836000,17031835500,126,2021-09-27
17031838100,17031835500,263,2021-09-27
17031838200,17031835500,166,2021-09-27
17031839000,17031835500,153,2021-09-27
17031839100,17031835500,500,2021-09-27
17031839600,17031835500,93,2021-09-27
17031839700,17031835500,110,2021-09-27
17031839900,17031835500,187,2021-09-27
17031840400,17031835500,80,2021-09-27
17031841100,17031835500,108,2021-09-27
17031841300,17031835500,130,2021-09-27
17031841900,17031835500,138,2021-09-27
17031842000,17031835500,169,2021-09-27
17031842200,17031835500,158,2021-09-27
17031842300,17031835500,171,2021-09-27
17031842400,17031835500,219,2021-09-27
17031842600,17031835500,1821,2021-09-27
17031843200,17031835500,97,2021-09-27
17031843500,17031835500,137,2021-09-27
17031843800,17031835500,173,2021-09-27
17031980100,17031835500,121,2021-09-27
17043844802,17031835500,100,2021-09-27
17197880702,17031835500,92,2021-09-27
17031020702,17031835500,104,2021-10-04
17031030601,17031835500,186,2021-10-04
17031031502,17031835500,92,2021-10-04
17031063000,17031835500,96,2021-10-04
17031063400,17031835500,110,2021-10-04
17031071100,17031835500,137,2021-10-04
17031081402,17031835500,132,2021-10-04
17031130100,17031835500,215,2021-10-04
17031151002,17031835500,93,2021-10-04
17031191100,17031835500,100,2021-10-04
17031191200,17031835500,159,2021-10-04
17031221100,17031835500,209,2021-10-04
17031222700,17031835500,110,2021-10-04
17031230600,17031835500,141,2021-10-04
17031241600,17031835500,217,2021-10-04
17031242700,17031835500,107,2021-10-04
17031300800,17031835500,175,2021-10-04
17031320100,17031835500,185,2021-10-04
17031330100,17031835500,88,2021-10-04
17031351000,17031835500,123,2021-10-04
17031351100,17031835500,100,2021-10-04
17031381200,17031835500,80,2021-10-04
17031381700,17031835500,266,2021-10-04
17031400300,17031835500,102,2021-10-04
17031440102,17031835500,90,2021-10-04
17031510100,17031835500,129,2021-10-04
17031570400,17031835500,97,2021-10-04
17031580100,17031835500,304,2021-10-04
17031580600,17031835500,86,2021-10-04
17031580800,17031835500,84,2021-10-04
17031610300,17031835500,1115,2021-10-04
17031610400,17031835500,97,2021-10-04
17031610800,17031835500,340,2021-10-04
17031611000,17031835500,94,2021-10-04
17031611300,17031835500,353,2021-10-04
17031611500,17031835500,523,2021-10-04
17031611700,17031835500,136,2021-10-04
17031611900,17031835500,100,2021-10-04
17031620200,17031835500,98,2021-10-04
17031630100,17031835500,194,2021-10-04
17031630300,17031835500,103,2021-10-04
17031630800,17031835500,90,2021-10-04
17031650500,17031835500,127,2021-10-04
17031670200,17031835500,135,2021-10-04
17031670400,17031835500,118,2021-10-04
17031691300,17031835500,94,2021-10-04
17031700502,17031835500,110,2021-10-04
17031710300,17031835500,113,2021-10-04
17031710400,17031835500,90,2021-10-04
17031802900,17031835500,279,2021-10-04
17031820901,17031835500,98,2021-10-04
17031821102,17031835500,127,2021-10-04
17031821600,17031835500,320,2021-10-04
17031821900,17031835500,89,2021-10-04
17031823302,17031835500,103,2021-10-04
17031823904,17031835500,125,2021-10-04
17031831500,17031835500,133,2021-10-04
17031835500,17031835500,561,2021-10-04
17031835800,17031835500,102,2021-10-04
17031835900,17031835500,187,2021-10-04
17031838600,17031835500,136,2021-10-04
17031839000,17031835500,236,2021-10-04
17031839500,17031835500,135,2021-10-04
17031839800,17031835500,89,2021-10-04
17031839900,17031835500,93,2021-10-04
17031840000,17031835500,89,2021-10-04
17031840200,17031835500,100,2021-10-04
17031840400,17031835500,93,2021-10-04
17031841100,17031835500,109,2021-10-04
17031841300,17031835500,96,2021-10-04
17031841900,17031835500,91,2021-10-04
17031842000,17031835500,252,2021-10-04
17031842400,17031835500,105,2021-10-04
17031842600,17031835500,1590,2021-10-04
17031843500,17031835500,105,2021-10-04
17031843800,17031835500,180,2021-10-04
17031980100,17031835500,237,2021-10-04
18089020700,17031835500,118,2021-10-04
17031070600,17031835500,179,2021-10-11
17031071100,17031835500,90,2021-10-11
17031081402,17031835500,110,2021-10-11
17031160601,17031835500,131,2021-10-11
17031191200,17031835500,122,2021-10-11
17031250800,17031835500,113,2021-10-11
17031300600,17031835500,85,2021-10-11
17031301701,17031835500,333,2021-10-11
17031310800,17031835500,97,2021-10-11
17031320100,17031835500,97,2021-10-11
17031330100,17031835500,242,2021-10-11
17031340600,17031835500,89,2021-10-11
17031360200,17031835500,119,2021-10-11
17031380100,17031835500,132,2021-10-11
17031381700,17031835500,120,2021-10-11
17031390100,17031835500,102,2021-10-11
17031420100,17031835500,101,2021-10-11
17031440102,17031835500,116,2021-10-11
17031440202,17031835500,143,2021-10-11
17031440600,17031835500,93,2021-10-11
17031440900,17031835500,96,2021-10-11
17031500100,17031835500,156,2021-10-11
17031510300,17031835500,168,2021-10-11
17031520100,17031835500,86,2021-10-11
17031570100,17031835500,102,2021-10-11
17031570200,17031835500,123,2021-10-11
17031570300,17031835500,159,2021-10-11
17031580800,17031835500,86,2021-10-11
17031590700,17031835500,80,2021-10-11
17031610300,17031835500,743,2021-10-11
17031610800,17031835500,203,2021-10-11
17031611000,17031835500,197,2021-10-11
17031611200,17031835500,262,2021-10-11
17031611300,17031835500,177,2021-10-11
17031611400,17031835500,114,2021-10-11
17031611500,17031835500,104,2021-10-11
17031630100,17031835500,153,2021-10-11
17031640100,17031835500,97,2021-10-11
17031650500,17031835500,121,2021-10-11
17031670100,17031835500,103,2021-10-11
17031730400,17031835500,96,2021-10-11
17031740400,17031835500,297,2021-10-11
17031814200,17031835500,438,2021-10-11
17031818000,17031835500,497,2021-10-11
17031819300,17031835500,93,2021-10-11
17031820502,17031835500,115,2021-10-11
17031820901,17031835500,470,2021-10-11
17031821700,17031835500,106,2021-10-11
17031823400,17031835500,131,2021-10-11
17031827500,17031835500,80,2021-10-11
17031828201,17031835500,90,2021-10-11
17031830004,17031835500,106,2021-10-11
17031834800,17031835500,106,2021-10-11
17031835500,17031835500,849,2021-10-11
17031835800,17031835500,107,2021-10-11
17031836300,17031835500,130,2021-10-11
17031838200,17031835500,178,2021-10-11
17031839000,17031835500,109,2021-10-11
17031839100,17031835500,780,2021-10-11
17031839800,17031835500,111,2021-10-11
17031839900,17031835500,99,2021-10-11
17031840000,17031835500,251,2021-10-11
17031840200,17031835500,105,2021-10-11
17031840400,17031835500,377,2021-10-11
17031841100,17031835500,267,2021-10-11
17031841900,17031835500,184,2021-10-11
17031842400,17031835500,244,2021-10-11
17031842600,17031835500,991,2021-10-11
17031843000,17031835500,115,2021-10-11
17031843800,17031835500,139,2021-10-11
18089012400,17031835500,90,2021-10-11
17031031200,17031835500,98,2021-10-18
17031063000,17031835500,98,2021-10-18
17031160900,17031835500,130,2021-10-18
17031191200,17031835500,287,2021-10-18
17031200401,17031835500,135,2021-10-18
17031231200,17031835500,88,2021-10-18
17031283100,17031835500,90,2021-10-18
17031310500,17031835500,188,2021-10-18
17031330100,17031835500,86,2021-10-18
17031330200,17031835500,210,2021-10-18
17031351100,17031835500,101,2021-10-18
17031380100,17031835500,219,2021-10-18
17031381700,17031835500,269,2021-10-18
17031400300,17031835500,202,2021-10-18
17031410800,17031835500,94,2021-10-18
17031420400,17031835500,128,2021-10-18
17031440102,17031835500,137,2021-10-18
17031440800,17031835500,109,2021-10-18
17031490500,17031835500,215,2021-10-18
17031491100,17031835500,91,2021-10-18
17031560400,17031835500,110,2021-10-18
17031570200,17031835500,117,2021-10-18
17031580100,17031835500,341,2021-10-18
17031580300,17031835500,137,2021-10-18
17031580502,17031835500,212,2021-10-18
17031580800,17031835500,89,2021-10-18
17031590500,17031835500,99,2021-10-18
17031610300,17031835500,836,2021-10-18
17031610800,17031835500,212,2021-10-18
17031611000,17031835500,92,2021-10-18
17031611300,17031835500,406,2021-10-18
17031611400,17031835500,137,2021-10-18
17031611500,17031835500,81,2021-10-18
17031611800,17031835500,114,2021-10-18
17031630300,17031835500,109,2021-10-18
17031660600,17031835500,95,2021-10-18
17031660800,17031835500,187,2021-10-18
17031670100,17031835500,117,2021-10-18
17031700402,17031835500,187,2021-10-18
17031750100,17031835500,99,2021-10-18
17031750500,17031835500,103,2021-10-18
17031812900,17031835500,122,2021-10-18
17031813200,17031835500,107,2021-10-18
17031813801,17031835500,118,2021-10-18
17031813802,17031835500,126,2021-10-18
17031814100,17031835500,95,2021-10-18
17031814200,17031835500,81,2021-10-18
17031816200,17031835500,89,2021-10-18
17031818000,17031835500,182,2021-10-18
17031818401,17031835500,166,2021-10-18
17031819100,17031835500,102,2021-10-18
17031820901,17031835500,196,2021-10-18
17031820902,17031835500,102,2021-10-18
17031821600,17031835500,221,2021-10-18
17031823400,17031835500,125,2021-10-18
17031831500,17031835500,134,2021-10-18
17031834000,17031835500,89,2021-10-18
17031834300,17031835500,87,2021-10-18
17031834400,17031835500,224,2021-10-18
17031835000,17031835500,116,2021-10-18
17031835500,17031835500,780,2021-10-18
17031835800,17031835500,215,2021-10-18
17031837800,17031835500,119,2021-10-18
17031838200,17031835500,283,2021-10-18
17031838600,17031835500,111,2021-10-18
17031839100,17031835500,118,2021-10-18
17031839200,17031835500,156,2021-10-18
17031839600,17031835500,139,2021-10-18
17031839700,17031835500,94,2021-10-18
17031839800,17031835500,178,2021-10-18
17031840400,17031835500,203,2021-10-18
17031841100,17031835500,109,2021-10-18
17031841900,17031835500,294,2021-10-18
17031842000,17031835500,92,2021-10-18
17031842600,17031835500,1572,2021-10-18
17031842800,17031835500,210,2021-10-18
17031842900,17031835500,228,2021-10-18
17031843200,17031835500,124,2021-10-18
17031843500,17031835500,138,2021-10-18
17031843800,17031835500,197,2021-10-18
17031980100,17031835500,182,2021-10-18
17043843301,17031835500,173,2021-10-18
17197883809,17031835500,81,2021-10-18
18089010201,17031835500,127,2021-10-18
17031020702,17031835500,134,2021-10-25
17031031501,17031835500,184,2021-10-25
17031081401,17031835500,88,2021-10-25
17031081500,17031835500,133,2021-10-25
17031081700,17031835500,218,2021-10-25
17031140702,17031835500,99,2021-10-25
17031230600,17031835500,105,2021-10-25
17031251900,17031835500,103,2021-10-25
17031252101,17031835500,100,2021-10-25
17031282800,17031835500,93,2021-10-25
17031310300,17031835500,80,2021-10-25
17031310800,17031835500,94,2021-10-25
17031320100,17031835500,380,2021-10-25
17031340600,17031835500,114,2021-10-25
17031380100,17031835500,110,2021-10-25
17031381800,17031835500,93,2021-10-25
17031381900,17031835500,122,2021-10-25
17031390300,17031835500,126,2021-10-25
17031400300,17031835500,101,2021-10-25
17031420100,17031835500,103,2021-10-25
17031440202,17031835500,99,2021-10-25
17031440600,17031835500,90,2021-10-25
17031480200,17031835500,94,2021-10-25
17031570300,17031835500,156,2021-10-25
17031580100,17031835500,117,2021-10-25
17031580502,17031835500,101,2021-10-25
17031580600,17031835500,88,2021-10-25
17031580800,17031835500,251,2021-10-25
17031590500,17031835500,181,2021-10-25
17031600400,17031835500,124,2021-10-25
17031610300,17031835500,697,2021-10-25
17031611000,17031835500,177,2021-10-25
17031611200,17031835500,100,2021-10-25
17031611300,17031835500,293,2021-10-25
17031611500,17031835500,120,2021-10-25
17031630500,17031835500,118,2021-10-25
17031650400,17031835500,86,2021-10-25
17031650500,17031835500,342,2021-10-25
17031660700,17031835500,98,2021-10-25
17031671500,17031835500,101,2021-10-25
17031700200,17031835500,120,2021-10-25
17031750100,17031835500,242,2021-10-25
17031807800,17031835500,96,2021-10-25
17031810502,17031835500,91,2021-10-25
17031813801,17031835500,349,2021-10-25
17031814200,17031835500,361,2021-10-25
17031814800,17031835500,97,2021-10-25
17031816500,17031835500,92,2021-10-25
17031819300,17031835500,110,2021-10-25
17031820901,17031835500,98,2021-10-25
17031821102,17031835500,94,2021-10-25
17031821900,17031835500,87,2021-10-25
17031822400,17031835500,292,2021-10-25
17031823400,17031835500,92,2021-10-25
17031827300,17031835500,117,2021-10-25
17031827400,17031835500,127,2021-10-25
17031827500,17031835500,160,2021-10-25
17031831700,17031835500,96,2021-10-25
17031833100,17031835500,86,2021-10-25
17031834400,17031835500,90,2021-10-25
17031835100,17031835500,111,2021-10-25
17031835500,17031835500,943,2021-10-25
17031835600,17031835500,107,2021-10-25
17031835800,17031835500,91,2021-10-25
17031837100,17031835500,138,2021-10-25
17031838100,17031835500,262,2021-10-25
17031838200,17031835500,109,2021-10-25
17031839100,17031835500,137,2021-10-25
17031839700,17031835500,160,2021-10-25
17031839800,17031835500,131,2021-10-25
17031839900,17031835500,489,2021-10-25
17031840000,17031835500,86,2021-10-25
17031840200,17031835500,108,2021-10-25
17031840400,17031835500,477,2021-10-25
17031841100,17031835500,208,2021-10-25
17031841300,17031835500,182,2021-10-25
17031841900,17031835500,183,2021-10-25
17031842400,17031835500,371,2021-10-25
17031842600,17031835500,1770,2021-10-25
17031842800,17031835500,101,2021-10-25
17031842900,17031835500,204,2021-10-25
17031843000,17031835500,95,2021-10-25
17031843200,17031835500,97,2021-10-25
17031843800,17031835500,349,2021-10-25
18089040300,17031835500,111,2021-10-25
17031020500,17031835500,115,2021-11-01
17031020702,17031835500,120,2021-11-01
17031061901,17031835500,113,2021-11-01
17031080201,17031835500,149,2021-11-01
17031080300,17031835500,292,2021-11-01
17031081000,17031835500,207,2021-11-01
17031081100,17031835500,314,2021-11-01
17031081201,17031835500,113,2021-11-01
17031081300,17031835500,188,2021-11-01
17031081401,17031835500,137,2021-11-01
17031081402,17031835500,290,2021-11-01
17031081403,17031835500,608,2021-11-01
17031081500,17031835500,214,2021-11-01
17031081600,17031835500,368,2021-11-01
17031081700,17031835500,811,2021-11-01
17031081800,17031835500,534,2021-11-01
17031190401,17031835500,130,2021-11-01
17031221100,17031835500,103,2021-11-01
17031222700,17031835500,85,2021-11-01
17031241100,17031835500,102,2021-11-01
17031242000,17031835500,86,2021-11-01
17031242100,17031835500,81,2021-11-01
17031243000,17031835500,187,2021-11-01
17031243500,17031835500,216,2021-11-01
17031251900,17031835500,99,2021-11-01
17031252202,17031835500,112,2021-11-01
17031320100,17031835500,405,2021-11-01
17031330100,17031835500,366,2021-11-01
17031340600,17031835500,106,2021-11-01
17031351000,17031835500,242,2021-11-01
17031351100,17031835500,105,2021-11-01
17031351400,17031835500,90,2021-11-01
17031380100,17031835500,126,2021-11-01
17031381900,17031835500,249,2021-11-01
17031390400,17031835500,116,2021-11-01
17031390700,17031835500,152,2021-11-01
17031440202,17031835500,87,2021-11-01
17031490500,17031835500,444,2021-11-01
17031491100,17031835500,103,2021-11-01
17031570300,17031835500,89,2021-11-01
17031580100,17031835500,95,2021-11-01
17031580502,17031835500,146,2021-11-01
17031590600,17031835500,139,2021-11-01
17031610300,17031835500,810,2021-11-01
17031610400,17031835500,148,2021-11-01
17031611000,17031835500,342,2021-11-01
17031611200,17031835500,220,2021-11-01
17031611500,17031835500,624,2021-11-01
17031620200,17031835500,119,2021-11-01
17031630100,17031835500,282,2021-11-01
17031630400,17031835500,194,2021-11-01
17031630800,17031835500,107,2021-11-01
17031650500,17031835500,229,2021-11-01
17031670200,17031835500,139,2021-11-01
17031700302,17031835500,278,2021-11-01
17031730500,17031835500,172,2021-11-01
17031740200,17031835500,322,2021-11-01
17031813701,17031835500,123,2021-11-01
17031814200,17031835500,288,2021-11-01
17031815600,17031835500,444,2021-11-01
17031816401,17031835500,97,2021-11-01
17031818000,17031835500,176,2021-11-01
17031820901,17031835500,189,2021-11-01
17031823001,17031835500,393,2021-11-01
17031826201,17031835500,244,2021-11-01
17031827500,17031835500,255,2021-11-01
17031827901,17031835500,109,2021-11-01
17031828000,17031835500,219,2021-11-01
17031828402,17031835500,105,2021-11-01
17031828505,17031835500,297,2021-11-01
17031830700,17031835500,120,2021-11-01
17031833000,17031835500,90,2021-11-01
17031834800,17031835500,104,2021-11-01
17031835500,17031835500,451,2021-11-01
17031835900,17031835500,132,2021-11-01
17031838300,17031835500,185,2021-11-01
17031839100,17031835500,320,2021-11-01
17031839500,17031835500,182,2021-11-01
17031839900,17031835500,289,2021-11-01
17031840000,17031835500,109,2021-11-01
17031840400,17031835500,197,2021-11-01
17031841100,17031835500,287,2021-11-01
17031841200,17031835500,96,2021-11-01
17031841900,17031835500,187,2021-11-01
17031842200,17031835500,168,2021-11-01
17031842300,17031835500,312,2021-11-01
17031842400,17031835500,384,2021-11-01
17031842600,17031835500,1657,2021-11-01
17031842900,17031835500,87,2021-11-01
17031843300,17031835500,115,2021-11-01
17031843400,17031835500,90,2021-11-01
17031843800,17031835500,101,2021-11-01
17031020702,17031835500,225,2021-11-08
17031031200,17031835500,98,2021-11-08
17031063200,17031835500,132,2021-11-08
17031071500,17031835500,145,2021-11-08
17031081700,17031835500,221,2021-11-08
17031140702,17031835500,106,2021-11-08
17031140800,17031835500,93,2021-11-08
17031191200,17031835500,175,2021-11-08
17031221100,17031835500,99,2021-11-08
17031231200,17031835500,96,2021-11-08
17031281900,17031835500,101,2021-11-08
17031301200,17031835500,140,2021-11-08
17031310600,17031835500,88,2021-11-08
17031330100,17031835500,326,2021-11-08
17031351100,17031835500,196,2021-11-08
17031380700,17031835500,204,2021-11-08
17031381700,17031835500,128,2021-11-08
17031410100,17031835500,150,2021-11-08
17031411000,17031835500,102,2021-11-08
17031440600,17031835500,200,2021-11-08
17031500100,17031835500,250,2021-11-08
17031510300,17031835500,86,2021-11-08
17031570200,17031835500,232,2021-11-08
17031580100,17031835500,123,2021-11-08
17031580502,17031835500,296,2021-11-08
17031600400,17031835500,107,2021-11-08
17031610300,17031835500,1203,2021-11-08
17031610400,17031835500,320,2021-11-08
17031611000,17031835500,286,2021-11-08
17031611100,17031835500,264,2021-11-08
17031611200,17031835500,108,2021-11-08
17031611500,17031835500,101,2021-11-08
17031620100,17031835500,103,2021-11-08
17031620200,17031835500,124,2021-11-08
17031630100,17031835500,173,2021-11-08
17031650500,17031835500,89,2021-11-08
17031670700,17031835500,108,2021-11-08
17031680900,17031835500,141,2021-11-08
17031691200,17031835500,106,2021-11-08
17031720500,17031835500,116,2021-11-08
17031730300,17031835500,98,2021-11-08
17031730400,17031835500,86,2021-11-08
17031813801,17031835500,120,2021-11-08
17031813802,17031835500,149,2021-11-08
17031813900,17031835500,95,2021-11-08
17031814200,17031835500,324,2021-11-08
17031815200,17031835500,138,2021-11-08
17031815500,17031835500,86,2021-11-08
17031823904,17031835500,92,2021-11-08
17031825501,17031835500,83,2021-11-08
17031826201,17031835500,279,2021-11-08
17031826800,17031835500,100,2021-11-08
17031827500,17031835500,300,2021-11-08
17031828402,17031835500,107,2021-11-08
17031830500,17031835500,95,2021-11-08
17031831100,17031835500,98,2021-11-08
17031831300,17031835500,111,2021-11-08
17031835500,17031835500,812,2021-11-08
17031835600,17031835500,572,2021-11-08
17031839800,17031835500,100,2021-11-08
17031840400,17031835500,98,2021-11-08
17031840700,17031835500,91,2021-11-08
17031841100,17031835500,110,2021-11-08
17031841900,17031835500,298,2021-11-08
17031842400,17031835500,229,2021-11-08
17031842600,17031835500,2081,2021-11-08
17031843600,17031835500,102,2021-11-08
17031843800,17031835500,140,2021-11-08
17089854400,17031835500,88,2021-11-08
17197883514,17031835500,142,2021-11-08
18089020200,17031835500,243,2021-11-08
17031020702,17031835500,102,2021-11-15
17031030500,17031835500,86,2021-11-15
17031030604,17031835500,111,2021-11-15
17031061000,17031835500,82,2021-11-15
17031070102,17031835500,119,2021-11-15
17031080300,17031835500,265,2021-11-15
17031081000,17031835500,95,2021-11-15
17031081201,17031835500,215,2021-11-15
17031081402,17031835500,115,2021-11-15
17031081403,17031835500,217,2021-11-15
17031081700,17031835500,94,2021-11-15
17031160601,17031835500,138,2021-11-15
17031191200,17031835500,450,2021-11-15
17031230400,17031835500,84,2021-11-15
17031230700,17031835500,125,2021-11-15
17031230900,17031835500,78,2021-11-15
17031243400,17031835500,127,2021-11-15
17031283100,17031835500,84,2021-11-15
17031301600,17031835500,91,2021-11-15
17031310200,17031835500,81,2021-11-15
17031320100,17031835500,214,2021-11-15
17031320400,17031835500,326,2021-11-15
17031320600,17031835500,91,2021-11-15
17031330100,17031835500,483,2021-11-15
17031351000,17031835500,88,2021-11-15
17031351400,17031835500,173,2021-11-15
17031411000,17031835500,178,2021-11-15
17031430600,17031835500,117,2021-11-15
17031440600,17031835500,112,2021-11-15
17031480500,17031835500,77,2021-11-15
17031490500,17031835500,184,2021-11-15
17031510200,17031835500,127,2021-11-15
17031570200,17031835500,180,2021-11-15
17031580100,17031835500,98,2021-11-15
17031580400,17031835500,102,2021-11-15
17031590500,17031835500,83,2021-11-15
17031600400,17031835500,119,2021-11-15
17031610300,17031835500,908,2021-11-15
17031611000,17031835500,88,2021-11-15
17031611200,17031835500,104,2021-11-15
17031611400,17031835500,99,2021-11-15
17031611800,17031835500,191,2021-11-15
17031630100,17031835500,159,2021-11-15
17031630500,17031835500,118,2021-11-15
17031630800,17031835500,213,2021-11-15
17031650100,17031835500,89,2021-11-15
17031650500,17031835500,278,2021-11-15
17031660700,17031835500,99,2021-11-15
17031661000,17031835500,100,2021-11-15
17031671500,17031835500,82,2021-11-15
17031691000,17031835500,93,2021-11-15
17031691200,17031835500,91,2021-11-15
17031691500,17031835500,185,2021-11-15
17031710400,17031835500,77,2021-11-15
17031812700,17031835500,100,2021-11-15
17031814000,17031835500,86,2021-11-15
17031814200,17031835500,205,2021-11-15
17031815701,17031835500,90,2021-11-15
17031820901,17031835500,94,2021-11-15
17031821600,17031835500,113,2021-11-15
17031822101,17031835500,122,2021-11-15
17031822302,17031835500,136,2021-11-15
17031825801,17031835500,92,2021-11-15
17031827500,17031835500,128,2021-11-15
17031830700,17031835500,96,2021-11-15
17031830900,17031835500,190,2021-11-15
17031831200,17031835500,98,2021-11-15
17031832600,17031835500,181,2021-11-15
17031833300,17031835500,265,2021-11-15
17031834000,17031835500,87,2021-11-15
17031834600,17031835500,96,2021-11-15
17031835500,17031835500,654,2021-11-15
17031836200,17031835500,208,2021-11-15
17031836800,17031835500,98,2021-11-15
17031838300,17031835500,77,2021-11-15
17031839100,17031835500,398,2021-11-15
17031839800,17031835500,178,2021-11-15
17031839900,17031835500,306,2021-11-15
17031840000,17031835500,111,2021-11-15
17031840200,17031835500,77,2021-11-15
17031840400,17031835500,109,2021-11-15
17031841100,17031835500,88,2021-11-15
17031841200,17031835500,86,2021-11-15
17031841300,17031835500,129,2021-11-15
17031842400,17031835500,90,2021-11-15
17031842600,17031835500,1404,2021-11-15
17031842800,17031835500,459,2021-11-15
17031843000,17031835500,127,2021-11-15
17031843100,17031835500,121,2021-11-15
17031843200,17031835500,213,2021-11-15
17031980100,17031835500,113,2021-11-15
17031081403,17031835500,180,2021-11-22
17031081600,17031835500,78,2021-11-22
17031081700,17031835500,60,2021-11-22
17031140800,17031835500,56,2021-11-22
17031160900,17031835500,66,2021-11-22
17031191302,17031835500,67,2021-11-22
17031200402,17031835500,63,2021-11-22
17031220702,17031835500,76,2021-11-22
17031221000,17031835500,67,2021-11-22
17031221100,17031835500,64,2021-11-22
17031230700,17031835500,79,2021-11-22
17031280100,17031835500,67,2021-11-22
17031300700,17031835500,66,2021-11-22
17031320600,17031835500,72,2021-11-22
17031330100,17031835500,285,2021-11-22
17031351000,17031835500,151,2021-11-22
17031380200,17031835500,64,2021-11-22
17031420700,17031835500,87,2021-11-22
17031430400,17031835500,58,2021-11-22
17031431200,17031835500,81,2021-11-22
17031440101,17031835500,99,2021-11-22
17031440102,17031835500,72,2021-11-22
17031440700,17031835500,113,2021-11-22
17031450300,17031835500,95,2021-11-22
17031480400,17031835500,62,2021-11-22
17031491100,17031835500,71,2021-11-22
17031540101,17031835500,92,2021-11-22
17031560300,17031835500,69,2021-11-22
17031570200,17031835500,139,2021-11-22
17031570300,17031835500,98,2021-11-22
17031580100,17031835500,78,2021-11-22
17031580502,17031835500,172,2021-11-22
17031580800,17031835500,120,2021-11-22
17031600400,17031835500,76,2021-11-22
17031610300,17031835500,750,2021-11-22
17031611300,17031835500,224,2021-11-22
17031611500,17031835500,185,2021-11-22
17031620300,17031835500,95,2021-11-22
17031630300,17031835500,137,2021-11-22
17031630500,17031835500,58,2021-11-22
17031650500,17031835500,59,2021-11-22
17031660700,17031835500,89,2021-11-22
17031690900,17031835500,56,2021-11-22
17031691200,17031835500,63,2021-11-22
17031700301,17031835500,71,2021-11-22
17031710600,17031835500,75,2021-11-22
17031710900,17031835500,64,2021-11-22
17031730700,17031835500,62,2021-11-22
17031770700,17031835500,98,2021-11-22
17031807100,17031835500,57,2021-11-22
17031809200,17031835500,84,2021-11-22
17031811301,17031835500,200,2021-11-22
17031813801,17031835500,61,2021-11-22
17031813900,17031835500,226,2021-11-22
17031814000,17031835500,82,2021-11-22
17031814200,17031835500,192,2021-11-22
17031815100,17031835500,58,2021-11-22
17031815400,17031835500,71,2021-11-22
17031820901,17031835500,70,2021-11-22
17031820902,17031835500,262,2021-11-22
17031821402,17031835500,56,2021-11-22
17031821600,17031835500,83,2021-11-22
17031822000,17031835500,59,2021-11-22
17031822102,17031835500,63,2021-11-22
17031823001,17031835500,77,2021-11-22
17031825600,17031835500,192,2021-11-22
17031833000,17031835500,78,2021-11-22
17031833100,17031835500,70,2021-11-22
17031834400,17031835500,62,2021-11-22
17031834800,17031835500,229,2021-11-22
17031835500,17031835500,637,2021-11-22
17031835600,17031835500,63,2021-11-22
17031836400,17031835500,69,2021-11-22
17031836600,17031835500,204,2021-11-22
17031839000,17031835500,65,2021-11-22
17031839100,17031835500,95,2021-11-22
17031839200,17031835500,107,2021-11-22
17031839500,17031835500,60,2021-11-22
17031839900,17031835500,59,2021-11-22
17031840200,17031835500,133,2021-11-22
17031840400,17031835500,136,2021-11-22
17031841100,17031835500,76,2021-11-22
17031841300,17031835500,95,2021-11-22
17031841900,17031835500,293,2021-11-22
17031842200,17031835500,186,2021-11-22
17031842400,17031835500,149,2021-11-22
17031842600,17031835500,942,2021-11-22
17031842800,17031835500,70,2021-11-22
17031843200,17031835500,82,2021-11-22
17031843600,17031835500,82,2021-11-22
17031843800,17031835500,91,2021-11-22
17031843900,17031835500,62,2021-11-22
17031980000,17031835500,61,2021-11-22
17197880114,17031835500,59,2021-11-22
17031020701,17031835500,133,2021-11-29
17031063302,17031835500,84,2021-11-29
17031071400,17031835500,83,2021-11-29
17031080300,17031835500,120,2021-11-29
17031080400,17031835500,81,2021-11-29
17031081401,17031835500,87,2021-11-29
17031081402,17031835500,153,2021-11-29
17031081403,17031835500,182,2021-11-29
17031081500,17031835500,398,2021-11-29
17031081600,17031835500,78,2021-11-29
17031081700,17031835500,64,2021-11-29
17031081800,17031835500,147,2021-11-29
17031140800,17031835500,83,2021-11-29
17031191301,17031835500,142,2021-11-29
17031210900,17031835500,65,2021-11-29
17031231500,17031835500,95,2021-11-29
17031243500,17031835500,62,2021-11-29
17031251100,17031835500,65,2021-11-29
17031300800,17031835500,122,2021-11-29
17031320100,17031835500,144,2021-11-29
17031320400,17031835500,207,2021-11-29
17031330100,17031835500,367,2021-11-29
17031340400,17031835500,78,2021-11-29
17031340500,17031835500,97,2021-11-29
17031380700,17031835500,118,2021-11-29
17031381800,17031835500,111,2021-11-29
17031410100,17031835500,78,2021-11-29
17031410500,17031835500,123,2021-11-29
17031410700,17031835500,75,2021-11-29
17031411200,17031835500,104,2021-11-29
17031440102,17031835500,87,2021-11-29
17031491400,17031835500,133,2021-11-29
17031510300,17031835500,66,2021-11-29
17031580100,17031835500,233,2021-11-29
17031580200,17031835500,71,2021-11-29
17031580300,17031835500,133,2021-11-29
17031580501,17031835500,124,2021-11-29
17031580502,17031835500,179,2021-11-29
17031580800,17031835500,170,2021-11-29
17031590500,17031835500,77,2021-11-29
17031600400,17031835500,77,2021-11-29
17031610300,17031835500,857,2021-11-29
17031611300,17031835500,324,2021-11-29
17031611400,17031835500,98,2021-11-29
17031611800,17031835500,82,2021-11-29
17031630500,17031835500,90,2021-11-29
17031650500,17031835500,147,2021-11-29
17031671500,17031835500,72,2021-11-29
17031711100,17031835500,65,2021-11-29
17031720100,17031835500,107,2021-11-29
17031740400,17031835500,238,2021-11-29
17031770700,17031835500,69,2021-11-29
17031810900,17031835500,164,2021-11-29
17031813400,17031835500,133,2021-11-29
17031813702,17031835500,69,2021-11-29
17031813801,17031835500,230,2021-11-29
17031814200,17031835500,283,2021-11-29
17031817101,17031835500,90,2021-11-29
17031820901,17031835500,236,2021-11-29
17031820902,17031835500,259,2021-11-29
17031821600,17031835500,68,2021-11-29
17031821900,17031835500,79,2021-11-29
17031822900,17031835500,150,2021-11-29
17031823400,17031835500,75,2021-11-29
17031823500,17031835500,72,2021-11-29
17031825501,17031835500,169,2021-11-29
17031825600,17031835500,74,2021-11-29
17031832600,17031835500,68,2021-11-29
17031833100,17031835500,69,2021-11-29
17031834200,17031835500,116,2021-11-29
17031835000,17031835500,79,2021-11-29
17031835500,17031835500,301,2021-11-29
17031835600,17031835500,66,2021-11-29
17031835800,17031835500,74,2021-11-29
17031838200,17031835500,312,2021-11-29
17031838600,17031835500,84,2021-11-29
17031839000,17031835500,77,2021-11-29
17031839100,17031835500,245,2021-11-29
17031839500,17031835500,90,2021-11-29
17031839800,17031835500,73,2021-11-29
17031839900,17031835500,140,2021-11-29
17031840200,17031835500,66,2021-11-29
17031840300,17031835500,72,2021-11-29
17031840400,17031835500,88,2021-11-29
17031840700,17031835500,60,2021-11-29
17031841100,17031835500,172,2021-11-29
17031842400,17031835500,349,2021-11-29
17031842600,17031835500,1401,2021-11-29
17031843200,17031835500,69,2021-11-29
17031843600,17031835500,81,2021-11-29
17031843800,17031835500,143,2021-11-29
17043844601,17031835500,79,2021-11-29
17097861011,17031835500,91,2021-11-29
17197880109,17031835500,162,2021-11-29
17197880113,17031835500,78,2021-11-29
17197880117,17031835500,63,2021-11-29
18089020200,17031835500,157,2021-11-29
18089020400,17031835500,74,2021-11-29
55059002602,17031835500,67,2021-11-29
17031031200,17031835500,77,2021-12-06
17031060200,17031835500,80,2021-12-06
17031080300,17031835500,96,2021-12-06
17031081300,17031835500,82,2021-12-06
17031081401,17031835500,189,2021-12-06
17031081402,17031835500,89,2021-12-06
17031081403,17031835500,69,2021-12-06
17031081500,17031835500,232,2021-12-06
17031081700,17031835500,426,2021-12-06
17031140100,17031835500,68,2021-12-06
17031140701,17031835500,66,2021-12-06
17031240500,17031835500,63,2021-12-06
17031292200,17031835500,170,2021-12-06
17031310300,17031835500,79,2021-12-06
17031320100,17031835500,382,2021-12-06
17031320400,17031835500,182,2021-12-06
17031320600,17031835500,77,2021-12-06
17031330100,17031835500,86,2021-12-06
17031330200,17031835500,171,2021-12-06
17031350400,17031835500,125,2021-12-06
17031351000,17031835500,70,2021-12-06
17031351100,17031835500,74,2021-12-06
17031351400,17031835500,183,2021-12-06
17031380200,17031835500,91,2021-12-06
17031381400,17031835500,70,2021-12-06
17031381700,17031835500,95,2021-12-06
17031390100,17031835500,67,2021-12-06
17031390600,17031835500,124,2021-12-06
17031410100,17031835500,96,2021-12-06
17031410700,17031835500,74,2021-12-06
17031440300,17031835500,91,2021-12-06
17031440900,17031835500,131,2021-12-06
17031450300,17031835500,406,2021-12-06
17031460500,17031835500,66,2021-12-06
17031480200,17031835500,73,2021-12-06
17031570200,17031835500,81,2021-12-06
17031580100,17031835500,174,2021-12-06
17031580800,17031835500,67,2021-12-06
17031590500,17031835500,74,2021-12-06
17031590600,17031835500,126,2021-12-06
17031590700,17031835500,91,2021-12-06
17031610300,17031835500,997,2021-12-06
17031611000,17031835500,148,2021-12-06
17031611100,17031835500,87,2021-12-06
17031611200,17031835500,99,2021-12-06
17031611300,17031835500,75,2021-12-06
17031630100,17031835500,184,2021-12-06
17031630300,17031835500,75,2021-12-06
17031630400,17031835500,72,2021-12-06
17031630500,17031835500,185,2021-12-06
17031660600,17031835500,63,2021-12-06
17031661000,17031835500,73,2021-12-06
17031670400,17031835500,98,2021-12-06
17031711100,17031835500,79,2021-12-06
17031730400,17031835500,66,2021-12-06
17031805702,17031835500,92,2021-12-06
17031813801,17031835500,164,2021-12-06
17031814200,17031835500,289,2021-12-06
17031815200,17031835500,111,2021-12-06
17031820901,17031835500,77,2021-12-06
17031821600,17031835500,76,2021-12-06
17031822102,17031835500,116,2021-12-06
17031822500,17031835500,75,2021-12-06
17031823400,17031835500,137,2021-12-06
17031824108,17031835500,92,2021-12-06
17031825501,17031835500,83,2021-12-06
17031826800,17031835500,63,2021-12-06
17031827500,17031835500,215,2021-12-06
17031830900,17031835500,179,2021-12-06
17031834800,17031835500,82,2021-12-06
17031835000,17031835500,87,2021-12-06
17031835500,17031835500,902,2021-12-06
17031836200,17031835500,303,2021-12-06
17031836700,17031835500,77,2021-12-06
17031839100,17031835500,77,2021-12-06
17031839700,17031835500,93,2021-12-06
17031839900,17031835500,186,2021-12-06
17031840200,17031835500,231,2021-12-06
17031840400,17031835500,81,2021-12-06
17031841100,17031835500,247,2021-12-06
17031842200,17031835500,155,2021-12-06
17031842400,17031835500,154,2021-12-06
17031842600,17031835500,1195,2021-12-06
17031842800,17031835500,75,2021-12-06
17031843300,17031835500,262,2021-12-06
17031843800,17031835500,133,2021-12-06
17043846523,17031835500,88,2021-12-06
17031020902,17031835500,81,2021-12-13
17031080100,17031835500,198,2021-12-13
17031080300,17031835500,63,2021-12-13
17031081000,17031835500,119,2021-12-13
17031081202,17031835500,87,2021-12-13
17031081300,17031835500,340,2021-12-13
17031081401,17031835500,92,2021-12-13
17031081403,17031835500,73,2021-12-13
17031081600,17031835500,256,2021-12-13
17031081700,17031835500,208,2021-12-13
17031081800,17031835500,211,2021-12-13
17031140800,17031835500,79,2021-12-13
17031170300,17031835500,76,2021-12-13
17031191200,17031835500,111,2021-12-13
17031221100,17031835500,78,2021-12-13
17031230400,17031835500,77,2021-12-13
17031230500,17031835500,79,2021-12-13
17031230700,17031835500,77,2021-12-13
17031231500,17031835500,116,2021-12-13
17031241400,17031835500,105,2021-12-13
17031280400,17031835500,119,2021-12-13
17031281900,17031835500,88,2021-12-13
17031300500,17031835500,66,2021-12-13
17031320100,17031835500,430,2021-12-13
17031320400,17031835500,265,2021-12-13
17031330100,17031835500,444,2021-12-13
17031340500,17031835500,97,2021-12-13
17031380100,17031835500,87,2021-12-13
17031390600,17031835500,105,2021-12-13
17031430400,17031835500,77,2021-12-13
17031450300,17031835500,143,2021-12-13
17031490500,17031835500,93,2021-12-13
17031490902,17031835500,80,2021-12-13
17031500100,17031835500,122,2021-12-13
17031570200,17031835500,76,2021-12-13
17031570300,17031835500,86,2021-12-13
17031580100,17031835500,92,2021-12-13
17031580400,17031835500,77,2021-12-13
17031580502,17031835500,135,2021-12-13
17031580800,17031835500,143,2021-12-13
17031600400,17031835500,91,2021-12-13
17031610300,17031835500,616,2021-12-13
17031610400,17031835500,155,2021-12-13
17031611000,17031835500,149,2021-12-13
17031611100,17031835500,93,2021-12-13
17031611200,17031835500,180,2021-12-13
17031611300,17031835500,72,2021-12-13
17031611400,17031835500,118,2021-12-13
17031611500,17031835500,79,2021-12-13
17031620200,17031835500,73,2021-12-13
17031630100,17031835500,106,2021-12-13
17031630300,17031835500,66,2021-12-13
17031630500,17031835500,168,2021-12-13
17031650500,17031835500,438,2021-12-13
17031660900,17031835500,94,2021-12-13
17031661000,17031835500,94,2021-12-13
17031670400,17031835500,138,2021-12-13
17031670800,17031835500,79,2021-12-13
17031700100,17031835500,122,2021-12-13
17031711300,17031835500,135,2021-12-13
17031730600,17031835500,63,2021-12-13
17031810701,17031835500,75,2021-12-13
17031811200,17031835500,72,2021-12-13
17031812000,17031835500,73,2021-12-13
17031814200,17031835500,240,2021-12-13
17031815900,17031835500,63,2021-12-13
17031820300,17031835500,80,2021-12-13
17031820901,17031835500,77,2021-12-13
17031820902,17031835500,237,2021-12-13
17031821102,17031835500,70,2021-12-13
17031821402,17031835500,89,2021-12-13
17031821600,17031835500,75,2021-12-13
17031822101,17031835500,176,2021-12-13
17031831400,17031835500,176,2021-12-13
17031831500,17031835500,69,2021-12-13
17031832900,17031835500,105,2021-12-13
17031834200,17031835500,63,2021-12-13
17031834600,17031835500,250,2021-12-13
17031834700,17031835500,98,2021-12-13
17031834800,17031835500,136,2021-12-13
17031835500,17031835500,430,2021-12-13
17031835600,17031835500,155,2021-12-13
17031836300,17031835500,119,2021-12-13
17031836500,17031835500,300,2021-12-13
17031836600,17031835500,134,2021-12-13
17031836700,17031835500,105,2021-12-13
17031838100,17031835500,117,2021-12-13
17031838200,17031835500,253,2021-12-13
17031839000,17031835500,105,2021-12-13
17031839100,17031835500,545,2021-12-13
17031839600,17031835500,80,2021-12-13
17031839800,17031835500,152,2021-12-13
17031839900,17031835500,138,2021-12-13
17031840200,17031835500,66,2021-12-13
17031840400,17031835500,240,2021-12-13
17031840700,17031835500,66,2021-12-13
17031841100,17031835500,281,2021-12-13
17031841900,17031835500,266,2021-12-13
17031842000,17031835500,89,2021-12-13
17031842400,17031835500,96,2021-12-13
17031842600,17031835500,1290,2021-12-13
17031842800,17031835500,230,2021-12-13
17031843600,17031835500,82,2021-12-13
17031843800,17031835500,74,2021-12-13
17031980000,17031835500,248,2021-12-13
17031980100,17031835500,162,2021-12-13
17197882801,17031835500,81,2021-12-13
18089020200,17031835500,132,2021-12-13
18089020300,17031835500,58,2021-12-13
18089020700,17031835500,81,2021-12-13
18089042703,17031835500,66,2021-12-13
17031020702,17031835500,179,2021-12-20
17031070300,17031835500,79,2021-12-20
17031071300,17031835500,105,2021-12-20
17031071400,17031835500,64,2021-12-20
17031081300,17031835500,206,2021-12-20
17031081500,17031835500,89,2021-12-20
17031081700,17031835500,336,2021-12-20
17031110400,17031835500,100,2021-12-20
17031130100,17031835500,85,2021-12-20
17031190100,17031835500,109,2021-12-20
17031200200,17031835500,76,2021-12-20
17031220702,17031835500,83,2021-12-20
17031230700,17031835500,109,2021-12-20
17031330200,17031835500,82,2021-12-20
17031351000,17031835500,168,2021-12-20
17031351100,17031835500,147,2021-12-20
17031380100,17031835500,92,2021-12-20
17031381400,17031835500,70,2021-12-20
17031381700,17031835500,80,2021-12-20
17031390600,17031835500,87,2021-12-20
17031410800,17031835500,192,2021-12-20
17031431400,17031835500,115,2021-12-20
17031440800,17031835500,124,2021-12-20
17031460500,17031835500,88,2021-12-20
17031460600,17031835500,76,2021-12-20
17031490500,17031835500,94,2021-12-20
17031540101,17031835500,112,2021-12-20
17031570200,17031835500,148,2021-12-20
17031580100,17031835500,86,2021-12-20
17031580800,17031835500,74,2021-12-20
17031600400,17031835500,85,2021-12-20
17031610300,17031835500,459,2021-12-20
17031610400,17031835500,237,2021-12-20
17031610800,17031835500,135,2021-12-20
17031611200,17031835500,171,2021-12-20
17031611300,17031835500,65,2021-12-20
17031611400,17031835500,126,2021-12-20
17031611500,17031835500,138,2021-12-20
17031611800,17031835500,85,2021-12-20
17031611900,17031835500,84,2021-12-20
17031620300,17031835500,83,2021-12-20
17031630100,17031835500,106,2021-12-20
17031630300,17031835500,73,2021-12-20
17031630500,17031835500,156,2021-12-20
17031650100,17031835500,107,2021-12-20
17031650500,17031835500,308,2021-12-20
17031660301,17031835500,80,2021-12-20
17031660900,17031835500,115,2021-12-20
17031671400,17031835500,105,2021-12-20
17031691200,17031835500,90,2021-12-20
17031710300,17031835500,92,2021-12-20
17031711100,17031835500,76,2021-12-20
17031730300,17031835500,78,2021-12-20
17031750100,17031835500,107,2021-12-20
17031810502,17031835500,72,2021-12-20
17031814200,17031835500,70,2021-12-20
17031815600,17031835500,144,2021-12-20
17031820901,17031835500,75,2021-12-20
17031821402,17031835500,137,2021-12-20
17031823001,17031835500,69,2021-12-20
17031830006,17031835500,63,2021-12-20
17031834200,17031835500,79,2021-12-20
17031834600,17031835500,88,2021-12-20
17031835500,17031835500,72,2021-12-20
17031835600,17031835500,69,2021-12-20
17031835800,17031835500,63,2021-12-20
17031836000,17031835500,102,2021-12-20
17031838200,17031835500,133,2021-12-20
17031838800,17031835500,101,2021-12-20
17031839000,17031835500,246,2021-12-20
17031839800,17031835500,67,2021-12-20
17031839900,17031835500,231,2021-12-20
17031840200,17031835500,260,2021-12-20
17031840300,17031835500,124,2021-12-20
17031840400,17031835500,261,2021-12-20
17031841100,17031835500,145,2021-12-20
17031841400,17031835500,109,2021-12-20
17031842200,17031835500,77,2021-12-20
17031842400,17031835500,169,2021-12-20
17031842600,17031835500,390,2021-12-20
17031842900,17031835500,97,2021-12-20
17031843200,17031835500,95,2021-12-20
17031843500,17031835500,68,2021-12-20
17031843600,17031835500,88,2021-12-20
17031980000,17031835500,181,2021-12-20
17031980100,17031835500,85,2021-12-20
18089020700,17031835500,126,2021-12-20
17031020701,17031835500,67,2021-12-27
17031020802,17031835500,68,2021-12-27
17031063100,17031835500,69,2021-12-27
17031081202,17031835500,79,2021-12-27
17031081300,17031835500,237,2021-12-27
17031081401,17031835500,162,2021-12-27
17031081402,17031835500,88,2021-12-27
17031081500,17031835500,132,2021-12-27
17031081700,17031835500,67,2021-12-27
17031190100,17031835500,157,2021-12-27
17031190300,17031835500,66,2021-12-27
17031231500,17031835500,209,2021-12-27
17031250800,17031835500,141,2021-12-27
17031252102,17031835500,86,2021-12-27
17031271400,17031835500,84,2021-12-27
17031283100,17031835500,79,2021-12-27
17031320100,17031835500,256,2021-12-27
17031320600,17031835500,108,2021-12-27
17031340300,17031835500,75,2021-12-27
17031360200,17031835500,96,2021-12-27
17031380500,17031835500,168,2021-12-27
17031390300,17031835500,333,2021-12-27
17031400800,17031835500,90,2021-12-27
17031420700,17031835500,110,2021-12-27
17031430101,17031835500,117,2021-12-27
17031430600,17031835500,96,2021-12-27
17031431400,17031835500,136,2021-12-27
17031440300,17031835500,66,2021-12-27
17031560300,17031835500,71,2021-12-27
17031570300,17031835500,107,2021-12-27
17031570500,17031835500,86,2021-12-27
17031580800,17031835500,146,2021-12-27
17031600400,17031835500,88,2021-12-27
17031610300,17031835500,372,2021-12-27
17031610400,17031835500,72,2021-12-27
17031611000,17031835500,203,2021-12-27
17031611300,17031835500,157,2021-12-27
17031611700,17031835500,84,2021-12-27
17031620100,17031835500,62,2021-12-27
17031660600,17031835500,148,2021-12-27
17031660800,17031835500,86,2021-12-27
17031671500,17031835500,318,2021-12-27
17031700100,17031835500,115,2021-12-27
17031710500,17031835500,82,2021-12-27
17031813100,17031835500,70,2021-12-27
17031814200,17031835500,211,2021-12-27
17031821600,17031835500,90,2021-12-27
17031826201,17031835500,226,2021-12-27
17031827400,17031835500,152,2021-12-27
17031827500,17031835500,186,2021-12-27
17031828300,17031835500,81,2021-12-27
17031830008,17031835500,72,2021-12-27
17031830700,17031835500,74,2021-12-27
17031831600,17031835500,74,2021-12-27
17031833100,17031835500,70,2021-12-27
17031835500,17031835500,307,2021-12-27
17031835600,17031835500,67,2021-12-27
17031836500,17031835500,93,2021-12-27
17031836600,17031835500,116,2021-12-27
17031838100,17031835500,76,2021-12-27
17031838200,17031835500,347,2021-12-27
17031839000,17031835500,71,2021-12-27
17031839100,17031835500,255,2021-12-27
17031839600,17031835500,75,2021-12-27
17031840200,17031835500,63,2021-12-27
17031840300,17031835500,92,2021-12-27
17031840400,17031835500,74,2021-12-27
17031841000,17031835500,131,2021-12-27
17031841100,17031835500,283,2021-12-27
17031841900,17031835500,63,2021-12-27
17031842400,17031835500,637,2021-12-27
17031842500,17031835500,62,2021-12-27
17031842600,17031835500,481,2021-12-27
17031842800,17031835500,69,2021-12-27
17031842900,17031835500,67,2021-12-27
17031843600,17031835500,91,2021-12-27
17043840705,17031835500,69,2021-12-27
18089021400,17031835500,71,2021-12-27
17031020802,17031835500,116,2022-01-03
17031040900,17031835500,89,2022-01-03
17031062200,17031835500,61,2022-01-03
17031071200,17031835500,66,2022-01-03
17031071500,17031835500,112,2022-01-03
17031080300,17031835500,173,2022-01-03
17031081100,17031835500,79,2022-01-03
17031081401,17031835500,83,2022-01-03
17031081600,17031835500,92,2022-01-03
17031081700,17031835500,457,2022-01-03
17031081800,17031835500,170,2022-01-03
17031191200,17031835500,121,2022-01-03
17031191301,17031835500,155,2022-01-03
17031230600,17031835500,96,2022-01-03
17031231200,17031835500,77,2022-01-03
17031280100,17031835500,61,2022-01-03
17031310300,17031835500,94,2022-01-03
17031320100,17031835500,83,2022-01-03
17031320400,17031835500,113,2022-01-03
17031320600,17031835500,63,2022-01-03
17031330200,17031835500,180,2022-01-03
17031351000,17031835500,164,2022-01-03
17031351100,17031835500,150,2022-01-03
17031380700,17031835500,78,2022-01-03
17031381200,17031835500,61,2022-01-03
17031381700,17031835500,80,2022-01-03
17031400300,17031835500,100,2022-01-03
17031400500,17031835500,100,2022-01-03
17031410100,17031835500,78,2022-01-03
17031410700,17031835500,71,2022-01-03
17031420500,17031835500,90,2022-01-03
17031500200,17031835500,171,2022-01-03
17031530200,17031835500,87,2022-01-03
17031570200,17031835500,149,2022-01-03
17031570300,17031835500,110,2022-01-03
17031570400,17031835500,85,2022-01-03
17031580600,17031835500,65,2022-01-03
17031600700,17031835500,65,2022-01-03
17031610300,17031835500,654,2022-01-03
17031611000,17031835500,90,2022-01-03
17031611200,17031835500,88,2022-01-03
17031611300,17031835500,83,2022-01-03
17031611400,17031835500,73,2022-01-03
17031611700,17031835500,98,2022-01-03
17031611800,17031835500,95,2022-01-03
17031630300,17031835500,68,2022-01-03
17031690400,17031835500,76,2022-01-03
17031700301,17031835500,66,2022-01-03
17031720700,17031835500,72,2022-01-03
17031730400,17031835500,61,2022-01-03
17031730500,17031835500,74,2022-01-03
17031814200,17031835500,76,2022-01-03
17031817300,17031835500,93,2022-01-03
17031820901,17031835500,150,2022-01-03
17031821402,17031835500,78,2022-01-03
17031821800,17031835500,161,2022-01-03
17031822900,17031835500,75,2022-01-03
17031823703,17031835500,158,2022-01-03
17031824601,17031835500,63,2022-01-03
17031824701,17031835500,92,2022-01-03
17031824900,17031835500,73,2022-01-03
17031826800,17031835500,75,2022-01-03
17031827500,17031835500,256,2022-01-03
17031827600,17031835500,61,2022-01-03
17031828300,17031835500,64,2022-01-03
17031830500,17031835500,78,2022-01-03
17031830700,17031835500,87,2022-01-03
17031831500,17031835500,99,2022-01-03
17031833000,17031835500,86,2022-01-03
17031835000,17031835500,83,2022-01-03
17031835100,17031835500,71,2022-01-03
17031835500,17031835500,321,2022-01-03
17031835800,17031835500,64,2022-01-03
17031839100,17031835500,90,2022-01-03
17031839700,17031835500,68,2022-01-03
17031839900,17031835500,318,2022-01-03
17031840000,17031835500,98,2022-01-03
17031840200,17031835500,78,2022-01-03
17031840400,17031835500,153,2022-01-03
17031841100,17031835500,165,2022-01-03
17031841900,17031835500,86,2022-01-03
17031842400,17031835500,72,2022-01-03
17031842600,17031835500,1023,2022-01-03
17031842800,17031835500,249,2022-01-03
17031843100,17031835500,91,2022-01-03
17031843200,17031835500,89,2022-01-03
17031843800,17031835500,94,2022-01-03
17031020702,17031835500,83,2022-01-10
17031071000,17031835500,126,2022-01-10
17031080202,17031835500,126,2022-01-10
17031080300,17031835500,83,2022-01-10
17031081000,17031835500,149,2022-01-10
17031081100,17031835500,71,2022-01-10
17031081300,17031835500,167,2022-01-10
17031081401,17031835500,206,2022-01-10
17031081403,17031835500,172,2022-01-10
17031081500,17031835500,145,2022-01-10
17031081700,17031835500,541,2022-01-10
17031081800,17031835500,269,2022-01-10
17031140800,17031835500,70,2022-01-10
17031190100,17031835500,84,2022-01-10
17031191100,17031835500,77,2022-01-10
17031191200,17031835500,112,2022-01-10
17031230700,17031835500,87,2022-01-10
17031243500,17031835500,59,2022-01-10
17031280400,17031835500,129,2022-01-10
17031301802,17031835500,87,2022-01-10
17031310700,17031835500,141,2022-01-10
17031310800,17031835500,71,2022-01-10
17031320100,17031835500,78,2022-01-10
17031320600,17031835500,480,2022-01-10
17031340400,17031835500,89,2022-01-10
17031351100,17031835500,71,2022-01-10
17031351500,17031835500,104,2022-01-10
17031380100,17031835500,101,2022-01-10
17031381700,17031835500,283,2022-01-10
17031480400,17031835500,137,2022-01-10
17031490500,17031835500,149,2022-01-10
17031530200,17031835500,85,2022-01-10
17031570200,17031835500,150,2022-01-10
17031580100,17031835500,133,2022-01-10
17031580600,17031835500,93,2022-01-10
17031610300,17031835500,536,2022-01-10
17031611800,17031835500,73,2022-01-10
17031620100,17031835500,153,2022-01-10
17031620200,17031835500,164,2022-01-10
17031620300,17031835500,85,2022-01-10
17031630800,17031835500,114,2022-01-10
17031650500,17031835500,267,2022-01-10
17031671500,17031835500,152,2022-01-10
17031710900,17031835500,145,2022-01-10
17031711200,17031835500,69,2022-01-10
17031810502,17031835500,63,2022-01-10
17031814200,17031835500,70,2022-01-10
17031820103,17031835500,72,2022-01-10
17031821402,17031835500,64,2022-01-10
17031823702,17031835500,103,2022-01-10
17031823703,17031835500,71,2022-01-10
17031826201,17031835500,83,2022-01-10
17031833000,17031835500,61,2022-01-10
17031835100,17031835500,282,2022-01-10
17031835500,17031835500,704,2022-01-10
17031835800,17031835500,82,2022-01-10
17031836600,17031835500,179,2022-01-10
17031839000,17031835500,70,2022-01-10
17031839100,17031835500,287,2022-01-10
17031839600,17031835500,86,2022-01-10
17031839900,17031835500,161,2022-01-10
17031840200,17031835500,66,2022-01-10
17031840300,17031835500,69,2022-01-10
17031841000,17031835500,69,2022-01-10
17031841100,17031835500,81,2022-01-10
17031841300,17031835500,77,2022-01-10
17031842000,17031835500,262,2022-01-10
17031842200,17031835500,59,2022-01-10
17031842400,17031835500,226,2022-01-10
17031842600,17031835500,901,2022-01-10
17031842800,17031835500,98,2022-01-10
17031842900,17031835500,76,2022-01-10
17031843100,17031835500,95,2022-01-10
17031843300,17031835500,144,2022-01-10
17031843800,17031835500,104,2022-01-10
18089040300,17031835500,66,2022-01-10
17031020702,17031835500,149,2022-01-17
17031030500,17031835500,72,2022-01-17
17031040201,17031835500,143,2022-01-17
17031060300,17031835500,81,2022-01-17
17031070101,17031835500,81,2022-01-17
17031081500,17031835500,141,2022-01-17
17031081700,17031835500,235,2022-01-17
17031161200,17031835500,82,2022-01-17
17031190900,17031835500,76,2022-01-17
17031191301,17031835500,188,2022-01-17
17031221000,17031835500,72,2022-01-17
17031230500,17031835500,68,2022-01-17
17031310700,17031835500,200,2022-01-17
17031340400,17031835500,91,2022-01-17
17031351100,17031835500,80,2022-01-17
17031381700,17031835500,143,2022-01-17
17031410100,17031835500,78,2022-01-17
17031410800,17031835500,68,2022-01-17
17031430500,17031835500,84,2022-01-17
17031480200,17031835500,70,2022-01-17
17031570200,17031835500,70,2022-01-17
17031580502,17031835500,144,2022-01-17
17031600400,17031835500,93,2022-01-17
17031610300,17031835500,908,2022-01-17
17031611000,17031835500,193,2022-01-17
17031611200,17031835500,94,2022-01-17
17031611300,17031835500,146,2022-01-17
17031611500,17031835500,459,2022-01-17
17031611800,17031835500,81,2022-01-17
17031650100,17031835500,72,2022-01-17
17031650500,17031835500,96,2022-01-17
17031661000,17031835500,111,2022-01-17
17031730400,17031835500,76,2022-01-17
17031804403,17031835500,83,2022-01-17
17031804713,17031835500,70,2022-01-17
17031813600,17031835500,110,2022-01-17
17031813801,17031835500,164,2022-01-17
17031814200,17031835500,149,2022-01-17
17031819200,17031835500,90,2022-01-17
17031820901,17031835500,158,2022-01-17
17031820902,17031835500,396,2022-01-17
17031821800,17031835500,78,2022-01-17
17031823001,17031835500,178,2022-01-17
17031825501,17031835500,89,2022-01-17
17031830900,17031835500,172,2022-01-17
17031831500,17031835500,112,2022-01-17
17031833000,17031835500,74,2022-01-17
17031835500,17031835500,173,2022-01-17
17031835600,17031835500,86,2022-01-17
17031836500,17031835500,99,2022-01-17
17031836700,17031835500,276,2022-01-17
17031837400,17031835500,110,2022-01-17
17031838100,17031835500,117,2022-01-17
17031838200,17031835500,155,2022-01-17
17031839000,17031835500,79,2022-01-17
17031839700,17031835500,218,2022-01-17
17031839800,17031835500,172,2022-01-17
17031839900,17031835500,270,2022-01-17
17031840300,17031835500,78,2022-01-17
17031840400,17031835500,77,2022-01-17
17031841100,17031835500,301,2022-01-17
17031841900,17031835500,181,2022-01-17
17031842400,17031835500,358,2022-01-17
17031842600,17031835500,1062,2022-01-17
17031843200,17031835500,94,2022-01-17
17031843500,17031835500,86,2022-01-17
17031843600,17031835500,88,2022-01-17
17031980000,17031835500,114,2022-01-17
18089020200,17031835500,310,2022-01-17
17031020702,17031835500,122,2022-01-24
17031030701,17031835500,90,2022-01-24
17031031200,17031835500,83,2022-01-24
17031063200,17031835500,71,2022-01-24
17031071100,17031835500,191,2022-01-24
17031081600,17031835500,87,2022-01-24
17031081700,17031835500,162,2022-01-24
17031081800,17031835500,194,2022-01-24
17031140100,17031835500,82,2022-01-24
17031140702,17031835500,87,2022-01-24
17031230400,17031835500,85,2022-01-24
17031240500,17031835500,82,2022-01-24
17031301200,17031835500,78,2022-01-24
17031320100,17031835500,92,2022-01-24
17031330100,17031835500,99,2022-01-24
17031351000,17031835500,75,2022-01-24
17031351100,17031835500,85,2022-01-24
17031380700,17031835500,396,2022-01-24
17031381200,17031835500,86,2022-01-24
17031381400,17031835500,71,2022-01-24
17031381700,17031835500,271,2022-01-24
17031430400,17031835500,78,2022-01-24
17031510300,17031835500,81,2022-01-24
17031540101,17031835500,167,2022-01-24
17031570300,17031835500,100,2022-01-24
17031570400,17031835500,181,2022-01-24
17031580502,17031835500,123,2022-01-24
17031580800,17031835500,142,2022-01-24
17031590700,17031835500,76,2022-01-24
17031600400,17031835500,119,2022-01-24
17031610300,17031835500,596,2022-01-24
17031610400,17031835500,76,2022-01-24
17031611000,17031835500,160,2022-01-24
17031611100,17031835500,148,2022-01-24
17031620300,17031835500,110,2022-01-24
17031630400,17031835500,79,2022-01-24
17031630800,17031835500,90,2022-01-24
17031661000,17031835500,111,2022-01-24
17031661100,17031835500,71,2022-01-24
17031720700,17031835500,79,2022-01-24
17031730300,17031835500,85,2022-01-24
17031730400,17031835500,98,2022-01-24
17031730600,17031835500,89,2022-01-24
17031812301,17031835500,90,2022-01-24
17031814200,17031835500,190,2022-01-24
17031816200,17031835500,77,2022-01-24
17031816800,17031835500,123,2022-01-24
17031819300,17031835500,74,2022-01-24
17031820502,17031835500,150,2022-01-24
17031820901,17031835500,88,2022-01-24
17031823500,17031835500,105,2022-01-24
17031828402,17031835500,80,2022-01-24
17031829902,17031835500,345,2022-01-24
17031831500,17031835500,96,2022-01-24
17031833100,17031835500,121,2022-01-24
17031834700,17031835500,81,2022-01-24
17031835500,17031835500,266,2022-01-24
17031836600,17031835500,169,2022-01-24
17031839000,17031835500,86,2022-01-24
17031839100,17031835500,121,2022-01-24
17031839600,17031835500,90,2022-01-24
17031839900,17031835500,123,2022-01-24
17031840300,17031835500,89,2022-01-24
17031840400,17031835500,98,2022-01-24
17031841000,17031835500,145,2022-01-24
17031841100,17031835500,111,2022-01-24
17031841900,17031835500,164,2022-01-24
17031842400,17031835500,209,2022-01-24
17031842600,17031835500,745,2022-01-24
17031842900,17031835500,87,2022-01-24
17031843500,17031835500,277,2022-01-24
17031843800,17031835500,150,2022-01-24
17031843900,17031835500,89,2022-01-24
17031980000,17031835500,111,2022-01-24
17031980100,17031835500,94,2022-01-24
17043845704,17031835500,173,2022-01-24
17043846523,17031835500,90,2022-01-24
18089020400,17031835500,77,2022-01-24
18089030600,17031835500,71,2022-01-24
17031020702,17031835500,524,2022-01-31
17031063302,17031835500,65,2022-01-31
17031081403,17031835500,262,2022-01-31
17031081700,17031835500,585,2022-01-31
17031140800,17031835500,79,2022-01-31
17031191200,17031835500,326,2022-01-31
17031222700,17031835500,65,2022-01-31
17031242100,17031835500,102,2022-01-31
17031310200,17031835500,97,2022-01-31
17031310400,17031835500,65,2022-01-31
17031310700,17031835500,71,2022-01-31
17031320100,17031835500,165,2022-01-31
17031320400,17031835500,161,2022-01-31
17031320600,17031835500,93,2022-01-31
17031351000,17031835500,117,2022-01-31
17031380100,17031835500,99,2022-01-31
17031390700,17031835500,144,2022-01-31
17031420100,17031835500,100,2022-01-31
17031430900,17031835500,74,2022-01-31
17031440202,17031835500,74,2022-01-31
17031491400,17031835500,97,2022-01-31
17031570200,17031835500,108,2022-01-31
17031580100,17031835500,169,2022-01-31
17031580200,17031835500,85,2022-01-31
17031580600,17031835500,73,2022-01-31
17031590700,17031835500,183,2022-01-31
17031600400,17031835500,93,2022-01-31
17031610300,17031835500,578,2022-01-31
17031610400,17031835500,144,2022-01-31
17031611000,17031835500,147,2022-01-31
17031611800,17031835500,87,2022-01-31
17031630300,17031835500,71,2022-01-31
17031630500,17031835500,88,2022-01-31
17031650500,17031835500,196,2022-01-31
17031700200,17031835500,67,2022-01-31
17031750200,17031835500,86,2022-01-31
17031814200,17031835500,170,2022-01-31
17031814300,17031835500,89,2022-01-31
17031816200,17031835500,73,2022-01-31
17031820901,17031835500,148,2022-01-31
17031821600,17031835500,165,2022-01-31
17031825501,17031835500,87,2022-01-31
17031825600,17031835500,152,2022-01-31
17031830004,17031835500,67,2022-01-31
17031831800,17031835500,120,2022-01-31
17031834300,17031835500,99,2022-01-31
17031835500,17031835500,338,2022-01-31
17031836300,17031835500,120,2022-01-31
17031836700,17031835500,424,2022-01-31
17031838200,17031835500,133,2022-01-31
17031838300,17031835500,153,2022-01-31
17031839100,17031835500,172,2022-01-31
17031839700,17031835500,116,2022-01-31
17031839800,17031835500,78,2022-01-31
17031839900,17031835500,328,2022-01-31
17031840000,17031835500,65,2022-01-31
17031840200,17031835500,152,2022-01-31
17031840300,17031835500,73,2022-01-31
17031840400,17031835500,325,2022-01-31
17031841100,17031835500,320,2022-01-31
17031841900,17031835500,83,2022-01-31
17031842200,17031835500,85,2022-01-31
17031842400,17031835500,197,2022-01-31
17031842600,17031835500,1386,2022-01-31
17031842800,17031835500,149,2022-01-31
17031843200,17031835500,173,2022-01-31
17031843300,17031835500,86,2022-01-31
17031843800,17031835500,197,2022-01-31
18089040300,17031835500,72,2022-01-31
17031020200,17031835500,89,2022-02-07
17031031501,17031835500,107,2022-02-07
17031063000,17031835500,80,2022-02-07
17031071100,17031835500,193,2022-02-07
17031071500,17031835500,102,2022-02-07
17031081000,17031835500,157,2022-02-07
17031081500,17031835500,153,2022-02-07
17031081700,17031835500,158,2022-02-07
17031110200,17031835500,94,2022-02-07
17031191301,17031835500,113,2022-02-07
17031210100,17031835500,68,2022-02-07
17031220601,17031835500,84,2022-02-07
17031221100,17031835500,90,2022-02-07
17031231200,17031835500,100,2022-02-07
17031250200,17031835500,116,2022-02-07
17031280400,17031835500,112,2022-02-07
17031351000,17031835500,90,2022-02-07
17031351100,17031835500,74,2022-02-07
17031400300,17031835500,129,2022-02-07
17031410100,17031835500,210,2022-02-07
17031430900,17031835500,78,2022-02-07
17031431200,17031835500,98,2022-02-07
17031510300,17031835500,73,2022-02-07
17031600700,17031835500,101,2022-02-07
17031610300,17031835500,498,2022-02-07
17031611000,17031835500,195,2022-02-07
17031611200,17031835500,207,2022-02-07
17031611500,17031835500,198,2022-02-07
17031611900,17031835500,68,2022-02-07
17031620200,17031835500,287,2022-02-07
17031630800,17031835500,90,2022-02-07
17031660302,17031835500,68,2022-02-07
17031660900,17031835500,79,2022-02-07
17031730400,17031835500,153,2022-02-07
17031750200,17031835500,68,2022-02-07
17031813801,17031835500,94,2022-02-07
17031814200,17031835500,153,2022-02-07
17031815600,17031835500,216,2022-02-07
17031820202,17031835500,181,2022-02-07
17031820901,17031835500,127,2022-02-07
17031821600,17031835500,79,2022-02-07
17031822900,17031835500,80,2022-02-07
17031827500,17031835500,107,2022-02-07
17031828402,17031835500,87,2022-02-07
17031831500,17031835500,111,2022-02-07
17031833100,17031835500,105,2022-02-07
17031834200,17031835500,86,2022-02-07
17031834400,17031835500,119,2022-02-07
17031835500,17031835500,384,2022-02-07
17031836600,17031835500,86,2022-02-07
17031836700,17031835500,209,2022-02-07
17031839800,17031835500,154,2022-02-07
17031839900,17031835500,187,2022-02-07
17031840000,17031835500,86,2022-02-07
17031840400,17031835500,82,2022-02-07
17031841100,17031835500,265,2022-02-07
17031841900,17031835500,202,2022-02-07
17031842000,17031835500,183,2022-02-07
17031842600,17031835500,1344,2022-02-07
17031842900,17031835500,83,2022-02-07
17031843200,17031835500,94,2022-02-07
17031843800,17031835500,324,2022-02-07
18089020200,17031835500,303,2022-02-07
17031030101,17031835500,62,2022-02-14
17031031501,17031835500,105,2022-02-14
17031040300,17031835500,88,2022-02-14
17031081700,17031835500,191,2022-02-14
17031140800,17031835500,93,2022-02-14
17031190800,17031835500,73,2022-02-14
17031230500,17031835500,68,2022-02-14
17031282800,17031835500,71,2022-02-14
17031301802,17031835500,62,2022-02-14
17031320100,17031835500,68,2022-02-14
17031320400,17031835500,81,2022-02-14
17031330100,17031835500,78,2022-02-14
17031351000,17031835500,98,2022-02-14
17031381700,17031835500,87,2022-02-14
17031420200,17031835500,240,2022-02-14
17031430400,17031835500,62,2022-02-14
17031440102,17031835500,98,2022-02-14
17031460500,17031835500,77,2022-02-14
17031510300,17031835500,69,2022-02-14
17031530200,17031835500,89,2022-02-14
17031580100,17031835500,62,2022-02-14
17031580400,17031835500,69,2022-02-14
17031590500,17031835500,102,2022-02-14
17031610300,17031835500,425,2022-02-14
17031610400,17031835500,82,2022-02-14
17031611000,17031835500,139,2022-02-14
17031611400,17031835500,86,2022-02-14
17031620100,17031835500,70,2022-02-14
17031620200,17031835500,181,2022-02-14
17031620300,17031835500,104,2022-02-14
17031630200,17031835500,83,2022-02-14
17031630500,17031835500,173,2022-02-14
17031650100,17031835500,74,2022-02-14
17031660700,17031835500,111,2022-02-14
17031691200,17031835500,71,2022-02-14
17031720700,17031835500,83,2022-02-14
17031730201,17031835500,75,2022-02-14
17031750500,17031835500,240,2022-02-14
17031811301,17031835500,168,2022-02-14
17031814200,17031835500,127,2022-02-14
17031815600,17031835500,179,2022-02-14
17031816200,17031835500,91,2022-02-14
17031821800,17031835500,68,2022-02-14
17031821900,17031835500,66,2022-02-14
17031831400,17031835500,69,2022-02-14
17031831500,17031835500,81,2022-02-14
17031831800,17031835500,180,2022-02-14
17031833100,17031835500,90,2022-02-14
17031834200,17031835500,169,2022-02-14
17031835500,17031835500,1042,2022-02-14
17031835600,17031835500,159,2022-02-14
17031836300,17031835500,216,2022-02-14
17031836500,17031835500,108,2022-02-14
17031838200,17031835500,138,2022-02-14
17031839000,17031835500,73,2022-02-14
17031839800,17031835500,66,2022-02-14
17031839900,17031835500,78,2022-02-14
17031840200,17031835500,225,2022-02-14
17031840400,17031835500,175,2022-02-14
17031841100,17031835500,90,2022-02-14
17031841900,17031835500,459,2022-02-14
17031842000,17031835500,151,2022-02-14
17031842600,17031835500,781,2022-02-14
17031843200,17031835500,95,2022-02-14
17031843800,17031835500,153,2022-02-14
17043840705,17031835500,80,2022-02-14
18089020200,17031835500,104,2022-02-14
18089020700,17031835500,72,2022-02-14
17031031501,17031835500,72,2022-02-21
17031081700,17031835500,316,2022-02-21
17031140800,17031835500,74,2022-02-21
17031190300,17031835500,57,2022-02-21
17031191302,17031835500,81,2022-02-21
17031230500,17031835500,159,2022-02-21
17031230600,17031835500,66,2022-02-21
17031231500,17031835500,61,2022-02-21
17031250800,17031835500,59,2022-02-21
17031310500,17031835500,150,2022-02-21
17031320100,17031835500,126,2022-02-21
17031320400,17031835500,168,2022-02-21
17031340300,17031835500,69,2022-02-21
17031340400,17031835500,157,2022-02-21
17031351000,17031835500,98,2022-02-21
17031351400,17031835500,111,2022-02-21
17031380700,17031835500,66,2022-02-21
17031381400,17031835500,52,2022-02-21
17031381500,17031835500,52,2022-02-21
17031381700,17031835500,177,2022-02-21
17031381900,17031835500,64,2022-02-21
17031390100,17031835500,64,2022-02-21
17031390300,17031835500,58,2022-02-21
17031390600,17031835500,63,2022-02-21
17031430400,17031835500,52,2022-02-21
17031430700,17031835500,68,2022-02-21
17031440900,17031835500,80,2022-02-21
17031450300,17031835500,85,2022-02-21
17031460500,17031835500,57,2022-02-21
17031460700,17031835500,52,2022-02-21
17031490500,17031835500,59,2022-02-21
17031580100,17031835500,227,2022-02-21
17031580400,17031835500,127,2022-02-21
17031580600,17031835500,112,2022-02-21
17031610300,17031835500,679,2022-02-21
17031611000,17031835500,187,2022-02-21
17031611200,17031835500,61,2022-02-21
17031611300,17031835500,112,2022-02-21
17031612000,17031835500,68,2022-02-21
17031630200,17031835500,53,2022-02-21
17031650100,17031835500,53,2022-02-21
17031660700,17031835500,56,2022-02-21
17031660900,17031835500,61,2022-02-21
17031671200,17031835500,55,2022-02-21
17031710200,17031835500,56,2022-02-21
17031710400,17031835500,65,2022-02-21
17031711100,17031835500,67,2022-02-21
17031815200,17031835500,96,2022-02-21
17031816800,17031835500,57,2022-02-21
17031820901,17031835500,159,2022-02-21
17031821402,17031835500,82,2022-02-21
17031821600,17031835500,136,2022-02-21
17031821900,17031835500,51,2022-02-21
17031827400,17031835500,64,2022-02-21
17031827500,17031835500,96,2022-02-21
17031831300,17031835500,67,2022-02-21
17031831500,17031835500,113,2022-02-21
17031834200,17031835500,49,2022-02-21
17031835100,17031835500,53,2022-02-21
17031835500,17031835500,375,2022-02-21
17031835600,17031835500,68,2022-02-21
17031835800,17031835500,52,2022-02-21
17031836300,17031835500,154,2022-02-21
17031836600,17031835500,98,2022-02-21
17031836700,17031835500,121,2022-02-21
17031838200,17031835500,99,2022-02-21
17031839200,17031835500,96,2022-02-21
17031839800,17031835500,50,2022-02-21
17031839900,17031835500,102,2022-02-21
17031840000,17031835500,168,2022-02-21
17031840200,17031835500,111,2022-02-21
17031840400,17031835500,50,2022-02-21
17031840800,17031835500,73,2022-02-21
17031841000,17031835500,194,2022-02-21
17031841100,17031835500,264,2022-02-21
17031842000,17031835500,196,2022-02-21
17031842400,17031835500,129,2022-02-21
17031842600,17031835500,732,2022-02-21
17031842900,17031835500,109,2022-02-21
17031843200,17031835500,61,2022-02-21
17031843800,17031835500,81,2022-02-21
17043846509,17031835500,60,2022-02-21
17043846524,17031835500,58,2022-02-21
18089020200,17031835500,149,2022-02-21
17031040900,17031835500,54,2022-02-28
17031081401,17031835500,60,2022-02-28
17031081700,17031835500,233,2022-02-28
17031140702,17031835500,50,2022-02-28
17031230500,17031835500,49,2022-02-28
17031231200,17031835500,46,2022-02-28
17031281900,17031835500,53,2022-02-28
17031310500,17031835500,45,2022-02-28
17031320100,17031835500,67,2022-02-28
17031351000,17031835500,165,2022-02-28
17031380100,17031835500,66,2022-02-28
17031381700,17031835500,85,2022-02-28
17031381900,17031835500,62,2022-02-28
17031410500,17031835500,56,2022-02-28
17031410600,17031835500,55,2022-02-28
17031430400,17031835500,57,2022-02-28
17031440102,17031835500,54,2022-02-28
17031440900,17031835500,43,2022-02-28
17031510300,17031835500,48,2022-02-28
17031560700,17031835500,79,2022-02-28
17031570200,17031835500,97,2022-02-28
17031570300,17031835500,60,2022-02-28
17031580400,17031835500,55,2022-02-28
17031580502,17031835500,206,2022-02-28
17031600400,17031835500,59,2022-02-28
17031600900,17031835500,58,2022-02-28
17031610300,17031835500,452,2022-02-28
17031611000,17031835500,188,2022-02-28
17031611500,17031835500,277,2022-02-28
17031611700,17031835500,77,2022-02-28
17031612000,17031835500,62,2022-02-28
17031650500,17031835500,48,2022-02-28
17031660900,17031835500,55,2022-02-28
17031691000,17031835500,54,2022-02-28
17031700100,17031835500,51,2022-02-28
17031720100,17031835500,49,2022-02-28
17031730700,17031835500,71,2022-02-28
17031814200,17031835500,107,2022-02-28
17031815600,17031835500,77,2022-02-28
17031817300,17031835500,63,2022-02-28
17031820502,17031835500,51,2022-02-28
17031820901,17031835500,81,2022-02-28
17031821402,17031835500,45,2022-02-28
17031821600,17031835500,114,2022-02-28
17031825501,17031835500,56,2022-02-28
17031831500,17031835500,52,2022-02-28
17031833100,17031835500,67,2022-02-28
17031834800,17031835500,47,2022-02-28
17031835500,17031835500,662,2022-02-28
17031838200,17031835500,93,2022-02-28
17031838300,17031835500,61,2022-02-28
17031839000,17031835500,162,2022-02-28
17031839100,17031835500,104,2022-02-28
17031839500,17031835500,62,2022-02-28
17031840200,17031835500,51,2022-02-28
17031840400,17031835500,107,2022-02-28
17031841000,17031835500,154,2022-02-28
17031841100,17031835500,59,2022-02-28
17031841200,17031835500,49,2022-02-28
17031841300,17031835500,51,2022-02-28
17031841700,17031835500,51,2022-02-28
17031841900,17031835500,54,2022-02-28
17031842600,17031835500,588,2022-02-28
17031842900,17031835500,64,2022-02-28
17031843200,17031835500,115,2022-02-28
17031843300,17031835500,97,2022-02-28
18089020200,17031835500,154,2022-02-28
17031063303,17031835500,93,2022-03-07
17031071300,17031835500,64,2022-03-07
17031081300,17031835500,58,2022-03-07
17031081401,17031835500,92,2022-03-07
17031081403,17031835500,112,2022-03-07
17031081500,17031835500,184,2022-03-07
17031081600,17031835500,62,2022-03-07
17031081700,17031835500,228,2022-03-07
17031081800,17031835500,149,2022-03-07
17031140800,17031835500,48,2022-03-07
17031161100,17031835500,53,2022-03-07
17031251500,17031835500,51,2022-03-07
17031280100,17031835500,62,2022-03-07
17031281900,17031835500,50,2022-03-07
17031320100,17031835500,154,2022-03-07
17031330100,17031835500,56,2022-03-07
17031340400,17031835500,185,2022-03-07
17031340600,17031835500,93,2022-03-07
17031351100,17031835500,60,2022-03-07
17031380700,17031835500,118,2022-03-07
17031381700,17031835500,197,2022-03-07
17031381800,17031835500,48,2022-03-07
17031381900,17031835500,89,2022-03-07
17031400500,17031835500,58,2022-03-07
17031410700,17031835500,118,2022-03-07
17031440600,17031835500,88,2022-03-07
17031570200,17031835500,128,2022-03-07
17031580800,17031835500,125,2022-03-07
17031590700,17031835500,67,2022-03-07
17031600400,17031835500,127,2022-03-07
17031610300,17031835500,314,2022-03-07
17031611300,17031835500,71,2022-03-07
17031630300,17031835500,53,2022-03-07
17031630800,17031835500,140,2022-03-07
17031690500,17031835500,62,2022-03-07
17031710900,17031835500,53,2022-03-07
17031770901,17031835500,53,2022-03-07
17031814200,17031835500,67,2022-03-07
17031815600,17031835500,135,2022-03-07
17031820300,17031835500,56,2022-03-07
17031820800,17031835500,51,2022-03-07
17031820901,17031835500,58,2022-03-07
17031821800,17031835500,100,2022-03-07
17031822500,17031835500,52,2022-03-07
17031823904,17031835500,80,2022-03-07
17031826100,17031835500,48,2022-03-07
17031833100,17031835500,89,2022-03-07
17031834200,17031835500,55,2022-03-07
17031835500,17031835500,559,2022-03-07
17031835600,17031835500,48,2022-03-07
17031836200,17031835500,206,2022-03-07
17031836600,17031835500,108,2022-03-07
17031836700,17031835500,61,2022-03-07
17031838100,17031835500,76,2022-03-07
17031838200,17031835500,110,2022-03-07
17031839000,17031835500,189,2022-03-07
17031839600,17031835500,136,2022-03-07
17031839700,17031835500,52,2022-03-07
17031839900,17031835500,110,2022-03-07
17031840400,17031835500,123,2022-03-07
17031841000,17031835500,416,2022-03-07
17031841100,17031835500,121,2022-03-07
17031841200,17031835500,69,2022-03-07
17031842200,17031835500,124,2022-03-07
17031842400,17031835500,206,2022-03-07
17031842600,17031835500,1019,2022-03-07
17031842900,17031835500,148,2022-03-07
17031843200,17031835500,129,2022-03-07
17031843300,17031835500,121,2022-03-07
17031843800,17031835500,125,2022-03-07
17031032100,17031835500,73,2022-03-14
17031040201,17031835500,60,2022-03-14
17031040300,17031835500,172,2022-03-14
17031081202,17031835500,53,2022-03-14
17031081401,17031835500,74,2022-03-14
17031081700,17031835500,313,2022-03-14
17031140800,17031835500,56,2022-03-14
17031150200,17031835500,155,2022-03-14
17031230500,17031835500,51,2022-03-14
17031260600,17031835500,93,2022-03-14
17031280100,17031835500,72,2022-03-14
17031281900,17031835500,69,2022-03-14
17031300900,17031835500,76,2022-03-14
17031310500,17031835500,47,2022-03-14
17031310600,17031835500,56,2022-03-14
17031320600,17031835500,61,2022-03-14
17031330100,17031835500,238,2022-03-14
17031330200,17031835500,68,2022-03-14
17031381400,17031835500,56,2022-03-14
17031381500,17031835500,67,2022-03-14
17031381700,17031835500,75,2022-03-14
17031390700,17031835500,59,2022-03-14
17031400800,17031835500,106,2022-03-14
17031410800,17031835500,59,2022-03-14
17031440300,17031835500,67,2022-03-14
17031490500,17031835500,53,2022-03-14
17031570200,17031835500,104,2022-03-14
17031570400,17031835500,72,2022-03-14
17031580100,17031835500,54,2022-03-14
17031590700,17031835500,76,2022-03-14
17031600400,17031835500,65,2022-03-14
17031610300,17031835500,307,2022-03-14
17031610400,17031835500,55,2022-03-14
17031611500,17031835500,180,2022-03-14
17031650500,17031835500,65,2022-03-14
17031671500,17031835500,62,2022-03-14
17031690900,17031835500,81,2022-03-14
17031710300,17031835500,66,2022-03-14
17031814200,17031835500,55,2022-03-14
17031820901,17031835500,59,2022-03-14
17031823302,17031835500,53,2022-03-14
17031825501,17031835500,50,2022-03-14
17031826304,17031835500,75,2022-03-14
17031828402,17031835500,60,2022-03-14
17031829901,17031835500,92,2022-03-14
17031830700,17031835500,61,2022-03-14
17031830900,17031835500,67,2022-03-14
17031831600,17031835500,58,2022-03-14
17031835500,17031835500,625,2022-03-14
17031835900,17031835500,60,2022-03-14
17031836000,17031835500,74,2022-03-14
17031836600,17031835500,62,2022-03-14
17031838700,17031835500,92,2022-03-14
17031839000,17031835500,70,2022-03-14
17031839100,17031835500,53,2022-03-14
17031839600,17031835500,63,2022-03-14
17031839900,17031835500,171,2022-03-14
17031840000,17031835500,76,2022-03-14
17031840400,17031835500,104,2022-03-14
17031841100,17031835500,181,2022-03-14
17031841300,17031835500,72,2022-03-14
17031841900,17031835500,225,2022-03-14
17031842200,17031835500,123,2022-03-14
17031842600,17031835500,570,2022-03-14
17031842800,17031835500,323,2022-03-14
17031842900,17031835500,216,2022-03-14
17031843200,17031835500,190,2022-03-14
17031843500,17031835500,66,2022-03-14
17031843600,17031835500,65,2022-03-14
17031843800,17031835500,114,2022-03-14
17031980100,17031835500,128,2022-03-14
18089020200,17031835500,183,2022-03-14
17031020500,17031835500,59,2022-03-21
17031040300,17031835500,60,2022-03-21
17031061100,17031835500,56,2022-03-21
17031062100,17031835500,51,2022-03-21
17031081403,17031835500,84,2022-03-21
17031081700,17031835500,184,2022-03-21
17031140702,17031835500,47,2022-03-21
17031160800,17031835500,59,2022-03-21
17031210100,17031835500,57,2022-03-21
17031243000,17031835500,58,2022-03-21
17031260800,17031835500,62,2022-03-21
17031320100,17031835500,54,2022-03-21
17031380100,17031835500,70,2022-03-21
17031381700,17031835500,63,2022-03-21
17031390700,17031835500,83,2022-03-21
17031411100,17031835500,47,2022-03-21
17031430300,17031835500,43,2022-03-21
17031560300,17031835500,52,2022-03-21
17031580200,17031835500,58,2022-03-21
17031580400,17031835500,58,2022-03-21
17031610300,17031835500,507,2022-03-21
17031611000,17031835500,112,2022-03-21
17031611300,17031835500,72,2022-03-21
17031611500,17031835500,235,2022-03-21
17031630800,17031835500,170,2022-03-21
17031650500,17031835500,43,2022-03-21
17031680900,17031835500,56,2022-03-21
17031710200,17031835500,56,2022-03-21
17031710300,17031835500,65,2022-03-21
17031815600,17031835500,78,2022-03-21
17031824507,17031835500,50,2022-03-21
17031827200,17031835500,54,2022-03-21
17031828402,17031835500,57,2022-03-21
17031830700,17031835500,55,2022-03-21
17031831800,17031835500,66,2022-03-21
17031834800,17031835500,54,2022-03-21
17031835500,17031835500,503,2022-03-21
17031835600,17031835500,77,2022-03-21
17031836200,17031835500,192,2022-03-21
17031836300,17031835500,70,2022-03-21
17031838200,17031835500,114,2022-03-21
17031839000,17031835500,49,2022-03-21
17031839100,17031835500,56,2022-03-21
17031839200,17031835500,67,2022-03-21
17031839800,17031835500,52,2022-03-21
17031840400,17031835500,80,2022-03-21
17031841000,17031835500,106,2022-03-21
17031841100,17031835500,105,2022-03-21
17031841900,17031835500,170,2022-03-21
17031842000,17031835500,52,2022-03-21
17031842200,17031835500,45,2022-03-21
17031842400,17031835500,60,2022-03-21
17031842600,17031835500,569,2022-03-21
17031842800,17031835500,54,2022-03-21
17031843600,17031835500,53,2022-03-21
17031980000,17031835500,89,2022-03-21
18089020200,17031835500,144,2022-03-21
17031071500,17031835500,56,2022-03-28
17031081403,17031835500,156,2022-03-28
17031081700,17031835500,89,2022-03-28
17031210100,17031835500,112,2022-03-28
17031300600,17031835500,53,2022-03-28
17031310500,17031835500,106,2022-03-28
17031351000,17031835500,71,2022-03-28
17031351400,17031835500,107,2022-03-28
17031360200,17031835500,64,2022-03-28
17031381400,17031835500,50,2022-03-28
17031381500,17031835500,108,2022-03-28
17031381700,17031835500,66,2022-03-28
17031390100,17031835500,55,2022-03-28
17031410100,17031835500,81,2022-03-28
17031410700,17031835500,47,2022-03-28
17031440300,17031835500,47,2022-03-28
17031440900,17031835500,45,2022-03-28
17031570200,17031835500,135,2022-03-28
17031570300,17031835500,52,2022-03-28
17031570500,17031835500,67,2022-03-28
17031580502,17031835500,68,2022-03-28
17031610300,17031835500,153,2022-03-28
17031611000,17031835500,57,2022-03-28
17031611400,17031835500,52,2022-03-28
17031611500,17031835500,76,2022-03-28
17031611800,17031835500,64,2022-03-28
17031611900,17031835500,91,2022-03-28
17031620200,17031835500,63,2022-03-28
17031630300,17031835500,81,2022-03-28
17031630800,17031835500,192,2022-03-28
17031630900,17031835500,61,2022-03-28
17031670600,17031835500,190,2022-03-28
17031671600,17031835500,60,2022-03-28
17031681400,17031835500,55,2022-03-28
17031813801,17031835500,59,2022-03-28
17031814200,17031835500,108,2022-03-28
17031814300,17031835500,146,2022-03-28
17031819300,17031835500,49,2022-03-28
17031821102,17031835500,114,2022-03-28
17031821900,17031835500,51,2022-03-28
17031823602,17031835500,60,2022-03-28
17031824106,17031835500,97,2022-03-28
17031827200,17031835500,49,2022-03-28
17031827801,17031835500,120,2022-03-28
17031828300,17031835500,57,2022-03-28
17031828402,17031835500,58,2022-03-28
17031831100,17031835500,76,2022-03-28
17031833000,17031835500,68,2022-03-28
17031833100,17031835500,59,2022-03-28
17031835500,17031835500,716,2022-03-28
17031835600,17031835500,50,2022-03-28
17031836200,17031835500,285,2022-03-28
17031836300,17031835500,102,2022-03-28
17031839000,17031835500,48,2022-03-28
17031839700,17031835500,56,2022-03-28
17031839900,17031835500,108,2022-03-28
17031840200,17031835500,54,2022-03-28
17031841100,17031835500,63,2022-03-28
17031841300,17031835500,160,2022-03-28
17031841900,17031835500,51,2022-03-28
17031842600,17031835500,607,2022-03-28
17031842800,17031835500,57,2022-03-28
17031843200,17031835500,144,2022-03-28
17031843300,17031835500,55,2022-03-28
17031843600,17031835500,63,2022-03-28
17043843301,17031835500,63,2022-03-28
17031062100,17031835500,77,2022-04-04
17031081402,17031835500,65,2022-04-04
17031081700,17031835500,159,2022-04-04
17031081800,17031835500,178,2022-04-04
17031140702,17031835500,55,2022-04-04
17031140800,17031835500,93,2022-04-04
17031210100,17031835500,57,2022-04-04
17031221100,17031835500,66,2022-04-04
17031230400,17031835500,59,2022-04-04
17031280900,17031835500,65,2022-04-04
17031300800,17031835500,59,2022-04-04
17031320600,17031835500,55,2022-04-04
17031340600,17031835500,95,2022-04-04
17031351400,17031835500,103,2022-04-04
17031381400,17031835500,110,2022-04-04
17031381700,17031835500,158,2022-04-04
17031421200,17031835500,68,2022-04-04
17031430102,17031835500,83,2022-04-04
17031440102,17031835500,66,2022-04-04
17031440300,17031835500,54,2022-04-04
17031480200,17031835500,62,2022-04-04
17031510300,17031835500,48,2022-04-04
17031570200,17031835500,144,2022-04-04
17031580100,17031835500,56,2022-04-04
17031580502,17031835500,111,2022-04-04
17031610300,17031835500,578,2022-04-04
17031611000,17031835500,54,2022-04-04
17031611100,17031835500,72,2022-04-04
17031611200,17031835500,194,2022-04-04
17031611500,17031835500,60,2022-04-04
17031630500,17031835500,60,2022-04-04
17031630800,17031835500,76,2022-04-04
17031640800,17031835500,54,2022-04-04
17031650301,17031835500,71,2022-04-04
17031691000,17031835500,53,2022-04-04
17031700100,17031835500,194,2022-04-04
17031806801,17031835500,96,2022-04-04
17031807300,17031835500,48,2022-04-04
17031807800,17031835500,55,2022-04-04
17031808100,17031835500,55,2022-04-04
17031814200,17031835500,107,2022-04-04
17031820901,17031835500,59,2022-04-04
17031821600,17031835500,61,2022-04-04
17031822900,17031835500,70,2022-04-04
17031823200,17031835500,85,2022-04-04
17031823500,17031835500,67,2022-04-04
17031834300,17031835500,62,2022-04-04
17031834400,17031835500,83,2022-04-04
17031835000,17031835500,59,2022-04-04
17031835100,17031835500,54,2022-04-04
17031835500,17031835500,548,2022-04-04
17031835600,17031835500,164,2022-04-04
17031836100,17031835500,51,2022-04-04
17031836200,17031835500,79,2022-04-04
17031836600,17031835500,82,2022-04-04
17031839000,17031835500,58,2022-04-04
17031839100,17031835500,166,2022-04-04
17031839600,17031835500,62,2022-04-04
17031839700,17031835500,53,2022-04-04
17031839900,17031835500,58,2022-04-04
17031840200,17031835500,106,2022-04-04
17031841100,17031835500,136,2022-04-04
17031842400,17031835500,64,2022-04-04
17031842600,17031835500,570,2022-04-04
17031843200,17031835500,76,2022-04-04
17031843500,17031835500,59,2022-04-04
17031843800,17031835500,108,2022-04-04
18089020200,17031835500,145,2022-04-04
18089041700,17031835500,43,2022-04-04
18127050509,17031835500,46,2022-04-04
17031020902,17031835500,57,2022-04-11
17031040300,17031835500,63,2022-04-11
17031061100,17031835500,83,2022-04-11
17031061902,17031835500,59,2022-04-11
17031080300,17031835500,62,2022-04-11
17031081201,17031835500,113,2022-04-11
17031081300,17031835500,58,2022-04-11
17031081401,17031835500,65,2022-04-11
17031081402,17031835500,119,2022-04-11
17031081403,17031835500,85,2022-04-11
17031081500,17031835500,119,2022-04-11
17031081700,17031835500,283,2022-04-11
17031081800,17031835500,47,2022-04-11
17031081900,17031835500,60,2022-04-11
17031140200,17031835500,57,2022-04-11
17031140701,17031835500,53,2022-04-11
17031150200,17031835500,96,2022-04-11
17031160602,17031835500,65,2022-04-11
17031243500,17031835500,47,2022-04-11
17031280100,17031835500,72,2022-04-11
17031300600,17031835500,47,2022-04-11
17031310500,17031835500,47,2022-04-11
17031320400,17031835500,143,2022-04-11
17031330100,17031835500,134,2022-04-11
17031350100,17031835500,48,2022-04-11
17031351000,17031835500,71,2022-04-11
17031351500,17031835500,68,2022-04-11
17031380100,17031835500,52,2022-04-11
17031380500,17031835500,126,2022-04-11
17031381200,17031835500,99,2022-04-11
17031381700,17031835500,62,2022-04-11
17031381900,17031835500,70,2022-04-11
17031390400,17031835500,57,2022-04-11
17031400800,17031835500,95,2022-04-11
17031410100,17031835500,71,2022-04-11
17031410500,17031835500,68,2022-04-11
17031410800,17031835500,55,2022-04-11
17031430102,17031835500,87,2022-04-11
17031430200,17031835500,56,2022-04-11
17031430400,17031835500,60,2022-04-11
17031440600,17031835500,52,2022-04-11
17031461000,17031835500,47,2022-04-11
17031610300,17031835500,438,2022-04-11
17031611000,17031835500,50,2022-04-11
17031611300,17031835500,167,2022-04-11
17031620100,17031835500,55,2022-04-11
17031630300,17031835500,52,2022-04-11
17031630500,17031835500,61,2022-04-11
17031630800,17031835500,68,2022-04-11
17031660600,17031835500,50,2022-04-11
17031813801,17031835500,107,2022-04-11
17031814200,17031835500,349,2022-04-11
17031817300,17031835500,71,2022-04-11
17031819200,17031835500,86,2022-04-11
17031820101,17031835500,48,2022-04-11
17031820901,17031835500,54,2022-04-11
17031821600,17031835500,55,2022-04-11
17031822101,17031835500,68,2022-04-11
17031823001,17031835500,53,2022-04-11
17031826800,17031835500,54,2022-04-11
17031827901,17031835500,54,2022-04-11
17031834300,17031835500,94,2022-04-11
17031835500,17031835500,575,2022-04-11
17031835600,17031835500,59,2022-04-11
17031836000,17031835500,75,2022-04-11
17031836300,17031835500,161,2022-04-11
17031839000,17031835500,53,2022-04-11
17031839100,17031835500,221,2022-04-11
17031839700,17031835500,48,2022-04-11
17031840200,17031835500,49,2022-04-11
17031840300,17031835500,50,2022-04-11
17031840400,17031835500,172,2022-04-11
17031841000,17031835500,63,2022-04-11
17031841100,17031835500,68,2022-04-11
17031841900,17031835500,286,2022-04-11
17031842200,17031835500,71,2022-04-11
17031842400,17031835500,57,2022-04-11
17031842600,17031835500,332,2022-04-11
17031842800,17031835500,57,2022-04-11
17031842900,17031835500,231,2022-04-11
17031843200,17031835500,115,2022-04-11
17031843300,17031835500,82,2022-04-11
17031843500,17031835500,57,2022-04-11
17031843600,17031835500,52,2022-04-11
17043844301,17031835500,60,2022-04-11
17043846509,17031835500,53,2022-04-11
17097861508,17031835500,114,2022-04-11
17197882300,17031835500,68,2022-04-11
18089020200,17031835500,102,2022-04-11
18089030300,17031835500,151,2022-04-11
17031040300,17031835500,72,2022-04-18
17031061100,17031835500,92,2022-04-18
17031062000,17031835500,126,2022-04-18
17031081401,17031835500,77,2022-04-18
17031081402,17031835500,51,2022-04-18
17031081700,17031835500,230,2022-04-18
17031191301,17031835500,131,2022-04-18
17031230700,17031835500,68,2022-04-18
17031310600,17031835500,55,2022-04-18
17031320400,17031835500,60,2022-04-18
17031330200,17031835500,48,2022-04-18
17031351100,17031835500,48,2022-04-18
17031380100,17031835500,54,2022-04-18
17031400300,17031835500,83,2022-04-18
17031430101,17031835500,69,2022-04-18
17031430500,17031835500,57,2022-04-18
17031510300,17031835500,60,2022-04-18
17031530200,17031835500,50,2022-04-18
17031570100,17031835500,111,2022-04-18
17031570200,17031835500,170,2022-04-18
17031580100,17031835500,77,2022-04-18
17031580600,17031835500,68,2022-04-18
17031590500,17031835500,114,2022-04-18
17031600400,17031835500,139,2022-04-18
17031610300,17031835500,471,2022-04-18
17031611300,17031835500,52,2022-04-18
17031611500,17031835500,150,2022-04-18
17031611900,17031835500,173,2022-04-18
17031630400,17031835500,56,2022-04-18
17031630800,17031835500,153,2022-04-18
17031650100,17031835500,66,2022-04-18
17031650500,17031835500,110,2022-04-18
17031804603,17031835500,67,2022-04-18
17031804608,17031835500,67,2022-04-18
17031813801,17031835500,68,2022-04-18
17031814200,17031835500,53,2022-04-18
17031820400,17031835500,51,2022-04-18
17031820502,17031835500,104,2022-04-18
17031820901,17031835500,58,2022-04-18
17031821600,17031835500,117,2022-04-18
17031821900,17031835500,60,2022-04-18
17031823304,17031835500,122,2022-04-18
17031827500,17031835500,72,2022-04-18
17031828402,17031835500,54,2022-04-18
17031834800,17031835500,104,2022-04-18
17031835500,17031835500,354,2022-04-18
17031835800,17031835500,84,2022-04-18
17031836200,17031835500,457,2022-04-18
17031836600,17031835500,77,2022-04-18
17031839000,17031835500,212,2022-04-18
17031839100,17031835500,55,2022-04-18
17031839900,17031835500,59,2022-04-18
17031840000,17031835500,63,2022-04-18
17031840200,17031835500,125,2022-04-18
17031840400,17031835500,114,2022-04-18
17031841100,17031835500,180,2022-04-18
17031841300,17031835500,108,2022-04-18
17031842400,17031835500,71,2022-04-18
17031842600,17031835500,824,2022-04-18
17031842900,17031835500,294,2022-04-18
17031843500,17031835500,86,2022-04-18
17031843800,17031835500,92,2022-04-18
17043846405,17031835500,55,2022-04-18
17097865400,17031835500,100,2022-04-18
17031040300,17031835500,55,2022-04-25
17031081403,17031835500,74,2022-04-25
17031081700,17031835500,171,2022-04-25
17031081800,17031835500,55,2022-04-25
17031150200,17031835500,43,2022-04-25
17031222600,17031835500,76,2022-04-25
17031230500,17031835500,50,2022-04-25
17031231200,17031835500,48,2022-04-25
17031241300,17031835500,43,2022-04-25
17031281900,17031835500,51,2022-04-25
17031310600,17031835500,46,2022-04-25
17031330100,17031835500,236,2022-04-25
17031340600,17031835500,54,2022-04-25
17031351100,17031835500,53,2022-04-25
17031351400,17031835500,92,2022-04-25
17031380100,17031835500,145,2022-04-25
17031381700,17031835500,65,2022-04-25
17031420400,17031835500,49,2022-04-25
17031430900,17031835500,54,2022-04-25
17031560300,17031835500,50,2022-04-25
17031560700,17031835500,52,2022-04-25
17031570200,17031835500,216,2022-04-25
17031580300,17031835500,56,2022-04-25
17031580400,17031835500,78,2022-04-25
17031580600,17031835500,48,2022-04-25
17031580700,17031835500,77,2022-04-25
17031590500,17031835500,45,2022-04-25
17031610300,17031835500,524,2022-04-25
17031611000,17031835500,168,2022-04-25
17031611100,17031835500,59,2022-04-25
17031611200,17031835500,55,2022-04-25
17031611400,17031835500,56,2022-04-25
17031611500,17031835500,53,2022-04-25
17031611600,17031835500,51,2022-04-25
17031620200,17031835500,107,2022-04-25
17031630200,17031835500,130,2022-04-25
17031630800,17031835500,119,2022-04-25
17031650500,17031835500,111,2022-04-25
17031660600,17031835500,45,2022-04-25
17031660700,17031835500,60,2022-04-25
17031671300,17031835500,48,2022-04-25
17031681100,17031835500,43,2022-04-25
17031710200,17031835500,61,2022-04-25
17031720300,17031835500,50,2022-04-25
17031720700,17031835500,55,2022-04-25
17031811900,17031835500,50,2022-04-25
17031814200,17031835500,152,2022-04-25
17031820901,17031835500,112,2022-04-25
17031820902,17031835500,105,2022-04-25
17031823904,17031835500,117,2022-04-25
17031830900,17031835500,47,2022-04-25
17031834200,17031835500,60,2022-04-25
17031834400,17031835500,103,2022-04-25
17031835000,17031835500,53,2022-04-25
17031835200,17031835500,58,2022-04-25
17031835500,17031835500,472,2022-04-25
17031835600,17031835500,43,2022-04-25
17031836000,17031835500,87,2022-04-25
17031836200,17031835500,62,2022-04-25
17031836300,17031835500,213,2022-04-25
17031836600,17031835500,74,2022-04-25
17031838100,17031835500,104,2022-04-25
17031838200,17031835500,229,2022-04-25
17031838300,17031835500,55,2022-04-25
17031839000,17031835500,102,2022-04-25
17031839100,17031835500,70,2022-04-25
17031839800,17031835500,43,2022-04-25
17031840300,17031835500,50,2022-04-25
17031840400,17031835500,388,2022-04-25
17031842400,17031835500,84,2022-04-25
17031842600,17031835500,1148,2022-04-25
17031842800,17031835500,56,2022-04-25
17031843000,17031835500,43,2022-04-25
17031843200,17031835500,69,2022-04-25
17031843300,17031835500,213,2022-04-25
17031843500,17031835500,43,2022-04-25
17031843600,17031835500,106,2022-04-25
17031843800,17031835500,97,2022-04-25
17043844601,17031835500,74,2022-04-25
18089020400,17031835500,45,2022-04-25
