origin,destination,minutes
9001030300,36081042700,55.43
9001011000,36081042700,47.44
9001010101,36081042700,48.58
9001010102,36081042700,48.09
9001010201,36081042700,48.37
9001010202,36081042700,48.69
9001010300,36081042700,43.47
9001010400,36081042700,41.51
9001010500,36081042700,40.43
9001010600,36081042700,40.71
9001010700,36081042700,42.12
9001010800,36081042700,43.89
9001010900,36081042700,46.93
9001011100,36081042700,47.96
9001011200,36081042700,41.05
9001011300,36081042700,37.14
9001990000,36081042700,59.4
9001020100,36081042700,47.42
9001020200,36081042700,60.4
9001020500,36081042700,51.83
9001020600,36081042700,54.71
9001021200,36081042700,53.07
9001021300,36081042700,49.28
9001021400,36081042700,46.36
9001021801,36081042700,50.52
9001021500,36081042700,47.26
9001021600,36081042700,49.31
9001021802,36081042700,50.07
9001021700,36081042700,48.55
9001021900,36081042700,50.14
9001022000,36081042700,51.94
9001022100,36081042700,48.79
9001022200,36081042700,47.32
9001022300,36081042700,47.16
9001022400,36081042700,51.41
9001021100,36081042700,50.99
9001030400,36081042700,51.87
9001030500,36081042700,52.05
9001020400,36081042700,57.43
9001020700,36081042700,55.79
9001020800,36081042700,55.19
9001020900,36081042700,53.55
9001021000,36081042700,53.88
9001030100,36081042700,55.56
9001030200,36081042700,53.38
9001044600,36081042700,55.98
9001020300,36081042700,63.84
9001035300,36081042700,57.12
9001035100,36081042700,59.36
9001043100,36081042700,58.1
9001043900,36081042700,57.51
9001044400,36081042700,59.99
9001044500,36081042700,60.17
9001035200,36081042700,66.78
9001043200,36081042700,57.85
9001043800,36081042700,57.9
9001044000,36081042700,57.64
9001044100,36081042700,58.5
9001044200,36081042700,60.32
9001044300,36081042700,61.79
9001050400,36081042700,61.87
9001035400,36081042700,65.87
9001042900,36081042700,63.57
9001043000,36081042700,60.5
9001043300,36081042700,59.88
9001043600,36081042700,60.47
9001043700,36081042700,58.79
9001045300,36081042700,66.0
9001042500,36081042700,65.31
9001042600,36081042700,62.62
9001042700,36081042700,63.09
9001042800,36081042700,61.09
9001043400,36081042700,59.52
9001043500,36081042700,62.99
9001050500,36081042700,63.71
9001050600,36081042700,66.07
9001045101,36081042700,70.57
9001045400,36081042700,66.47
9001050100,36081042700,66.07
9001050200,36081042700,65.77
9001050300,36081042700,71.27
9001045102,36081042700,71.19
9001045200,36081042700,67.04
9001105100,36081042700,80.24
9001105200,36081042700,86.39
9001060100,36081042700,77.77
9001060200,36081042700,78.76
9001060300,36081042700,74.66
9001060400,36081042700,75.67
9001060500,36081042700,72.34
9001060600,36081042700,67.58
9001210702,36081042700,80.5
9001210701,36081042700,82.58
9001257200,36081042700,77.56
9001060700,36081042700,73.95
9001060800,36081042700,72.07
9001060900,36081042700,74.36
9001061000,36081042700,75.16
9001061100,36081042700,77.16
9001061200,36081042700,75.11
9001061300,36081042700,73.19
9001061400,36081042700,72.15
9001061500,36081042700,71.99
9001061600,36081042700,72.08
9001100100,36081042700,90.81
9001230400,36081042700,103.39
9001200100,36081042700,87.85
9001200302,36081042700,93.48
9001200200,36081042700,89.76
9001070100,36081042700,73.56
9001070200,36081042700,74.2
9001070300,36081042700,76.31
9001070400,36081042700,76.89
9001070500,36081042700,76.61
9001240100,36081042700,82.43
9001240200,36081042700,90.17
9001245100,36081042700,79.33
9001245200,36081042700,82.09
9001245300,36081042700,80.14
9001245400,36081042700,79.26
9001245500,36081042700,76.49
9001245600,36081042700,77.89
9001090600,36081042700,86.87
9001090700,36081042700,87.66
9001070600,36081042700,76.71
9001070900,36081042700,75.34
9001071000,36081042700,74.82
9001071100,36081042700,75.05
9001071200,36081042700,76.04
9001071300,36081042700,76.57
9001071400,36081042700,76.65
9001071600,36081042700,77.19
9001071900,36081042700,77.51
9001072000,36081042700,77.37
9001072100,36081042700,76.06
9001072200,36081042700,78.11
9001072300,36081042700,78.5
9001072400,36081042700,80.58
9001072500,36081042700,80.38
9001072600,36081042700,80.11
9001072700,36081042700,81.46
9001072800,36081042700,81.07
9001072900,36081042700,79.92
9001073000,36081042700,80.79
9001073100,36081042700,84.84
9001073200,36081042700,82.24
9001073300,36081042700,80.95
9001073400,36081042700,79.39
9001073500,36081042700,78.96
9001073600,36081042700,79.44
9001080100,36081042700,82.54
9001080200,36081042700,81.86
9001080400,36081042700,81.26
9001073700,36081042700,80.63
9001073800,36081042700,78.63
9001073900,36081042700,78.21
9001074000,36081042700,78.05
9001074300,36081042700,78.66
9001074400,36081042700,78.67
9001090400,36081042700,83.24
9001090500,36081042700,83.99
9001210100,36081042700,82.72
9001080500,36081042700,83.24
9001080600,36081042700,81.13
9001080700,36081042700,82.07
9001210400,36081042700,86.51
9001210500,36081042700,81.06
9001210600,36081042700,82.71
9001210800,36081042700,79.56
9001210900,36081042700,89.28
9001080900,36081042700,83.44
9001081000,36081042700,85.09
9001090100,36081042700,86.62
9001090200,36081042700,84.24
9001090300,36081042700,80.71
9001055100,36081042700,74.95
9001055200,36081042700,72.46
9009150500,36081042700,87.81
9009990000,36081042700,113.81
9001210200,36081042700,83.78
9001080800,36081042700,84.38
9001081100,36081042700,84.64
9009150400,36081042700,88.32
9001211000,36081042700,85.39
9001081200,36081042700,86.6
9001210300,36081042700,86.39
9001200301,36081042700,87.76
9001211200,36081042700,85.96
9001220100,36081042700,84.57
9001220200,36081042700,91.82
9001211100,36081042700,89.83
9001211300,36081042700,90.02
9001211400,36081042700,85.56
9001220300,36081042700,93.61
9001100200,36081042700,91.93
9001230100,36081042700,100.36
9001230300,36081042700,95.89
9001205300,36081042700,92.01
9001100300,36081042700,95.52
9001110500,36081042700,93.47
9001110400,36081042700,91.0
9001205100,36081042700,94.34
9001230502,36081042700,104.18
9001230200,36081042700,93.35
9001257100,36081042700,98.51
9001081300,36081042700,90.47
9001205200,36081042700,94.4
9005253400,36081042700,102.29
9001110302,36081042700,86.38
9009150600,36081042700,87.31
9009150300,36081042700,86.58
9001110301,36081042700,91.73
9009150200,36081042700,88.39
9001230501,36081042700,102.17
9001110600,36081042700,97.18
9009150100,36081042700,88.81
9005250100,36081042700,102.84
9001110202,36081042700,92.21
9005253600,36081042700,97.97
9005253300,36081042700,96.71
9009150900,36081042700,90.74
9009151000,36081042700,93.88
9009348111,36081042700,103.67
9009157300,36081042700,94.9
9009150700,36081042700,90.83
9009150800,36081042700,91.03
9001110201,36081042700,93.77
9005253200,36081042700,103.74
9009151100,36081042700,94.14
9009348123,36081042700,103.6
9001110100,36081042700,91.38
9005268100,36081042700,111.33
9009157200,36081042700,96.4
9009346101,36081042700,106.99
9009130200,36081042700,99.07
9009120100,36081042700,94.77
9009120200,36081042700,93.78
9009346102,36081042700,109.95
9009151200,36081042700,94.04
9009157100,36081042700,95.2
9009154700,36081042700,97.49
9009157400,36081042700,98.23
9009125300,36081042700,94.22
9009125200,36081042700,95.47
9009154800,36081042700,99.36
9009125100,36081042700,96.14
9009154200,36081042700,96.6
9009125400,36081042700,95.79
9009160100,36081042700,100.01
9009130102,36081042700,99.99
9009348124,36081042700,103.33
9009348125,36081042700,107.26
9009155100,36081042700,100.69
9009154100,36081042700,99.12
9009154600,36081042700,97.22
9009154900,36081042700,99.2
9009160200,36081042700,104.23
9009361500,36081042700,98.43
9009141100,36081042700,101.69
9009154500,36081042700,99.4
9009155000,36081042700,100.7
9009130101,36081042700,101.09
9009348122,36081042700,108.1
9009341100,36081042700,104.83
9009141000,36081042700,101.7
9009140500,36081042700,99.19
9009140400,36081042700,100.65
9009142800,36081042700,109.11
9009141200,36081042700,99.15
9009140800,36081042700,101.31
9009140600,36081042700,99.95
9009180100,36081042700,110.42
9009140200,36081042700,100.77
9009140900,36081042700,101.34
9009161100,36081042700,109.41
9009140300,36081042700,100.63
9009141300,36081042700,101.76
9009140700,36081042700,102.8
9009141400,36081042700,102.52
9009361401,36081042700,102.12
9009140100,36081042700,101.83
9009142700,36081042700,104.65
9009180200,36081042700,108.23
36105951300,36081042700,105.66
36071011601,36081042700,109.71
36071011500,36081042700,108.41
36071002100,36081042700,105.03
36071002200,36081042700,103.85
36071002300,36081042700,106.37
36071011602,36081042700,126.88
36071011701,36081042700,108.48
36105951200,36081042700,105.77
36071011400,36081042700,101.01
36071011702,36081042700,101.4
36071011801,36081042700,92.98
36111954400,36081042700,111.52
36071010901,36081042700,108.93
36071015100,36081042700,95.39
36071001300,36081042700,95.47
36071001600,36081042700,93.97
36071011300,36081042700,96.47
36071011000,36081042700,96.09
36071010902,36081042700,104.09
36111954000,36081042700,96.95
36111954100,36081042700,104.32
36111953900,36081042700,106.63
36111955400,36081042700,106.54
36071011101,36081042700,98.69
36071015200,36081042700,95.27
36071010600,36081042700,102.1
36071011900,36081042700,85.04
36071012100,36081042700,84.01
36071012200,36081042700,85.69
36071012300,36081042700,96.26
36071001100,36081042700,93.31
36071001200,36081042700,93.64
36071001500,36081042700,94.51
36071011200,36081042700,91.52
36071010500,36081042700,92.48
36071010700,36081042700,101.31
36071011802,36081042700,97.61
36071010102,36081042700,98.63
36071010101,36081042700,97.07
36071010801,36081042700,99.79
36071010802,36081042700,98.54
36071011102,36081042700,93.07
36071014501,36081042700,96.55
36027210101,36081042700,96.01
36111953800,36081042700,103.98
36027080202,36081042700,105.16
36027110004,36081042700,91.13
36027050203,36081042700,94.85
36027060202,36081042700,98.91
36027640002,36081042700,100.75
36027190402,36081042700,103.94
36027190401,36081042700,100.84
36027140602,36081042700,106.09
36027640001,36081042700,99.84
36027110005,36081042700,90.11
36027080104,36081042700,105.69
36027190301,36081042700,101.27
36027050204,36081042700,95.76
36027020003,36081042700,103.19
36027050104,36081042700,97.47
36027190101,36081042700,107.17
36027060301,36081042700,99.11
36027040003,36081042700,99.13
36027210201,36081042700,95.98
36027210301,36081042700,94.84
36027020005,36081042700,101.11
36027610000,36081042700,99.08
36027050102,36081042700,103.74
36027050205,36081042700,87.47
36027060100,36081042700,96.36
36027110003,36081042700,91.22
36027140700,36081042700,105.43
36027140801,36081042700,102.95
36027300000,36081042700,99.48
36027190203,36081042700,103.01
36027190204,36081042700,105.14
36027020004,36081042700,101.96
36027060201,36081042700,100.02
36027060400,36081042700,94.57
36027060302,36081042700,99.97
36027190102,36081042700,110.14
36027050103,36081042700,102.07
36119014907,36081042700,71.86
36119014908,36081042700,68.12
36119012501,36081042700,62.46
36119012503,36081042700,68.21
36119012900,36081042700,54.62
36119011800,36081042700,47.71
36119012101,36081042700,51.93
36119012200,36081042700,47.35
36119013104,36081042700,56.03
36119013700,36081042700,51.83
36119013202,36081042700,48.97
36119014804,36081042700,71.9
36119014805,36081042700,62.64
36119014808,36081042700,65.42
36119014809,36081042700,61.22
36119012102,36081042700,47.71
36119014806,36081042700,66.36
36119014810,36081042700,69.46
36119013102,36081042700,56.23
36119013103,36081042700,52.88
36119014811,36081042700,71.2
36119982000,36081042700,52.19
36119983000,36081042700,58.76
36119984000,36081042700,64.64
36119012802,36081042700,56.99
36119014901,36081042700,62.93
36119014903,36081042700,73.14
36119014909,36081042700,70.25
36119012303,36081042700,48.72
36119012304,36081042700,56.75
36119015000,36081042700,66.86
36119013201,36081042700,52.11
36119013301,36081042700,52.46
36119013304,36081042700,50.8
36119012502,36081042700,68.94
36119012600,36081042700,61.74
36119012700,36081042700,56.41
36119013000,36081042700,55.57
36119013900,36081042700,58.74
36119014000,36081042700,66.21
36119014200,36081042700,68.44
36119014604,36081042700,65.95
36119014605,36081042700,59.65
36119014606,36081042700,65.48
36119013400,36081042700,52.3
36119013500,36081042700,51.18
36119013600,36081042700,54.53
36119014100,36081042700,66.39
36119014300,36081042700,67.49
36119014400,36081042700,69.49
36119014500,36081042700,69.33
36119014607,36081042700,68.79
36119014701,36081042700,71.53
36119014703,36081042700,72.75
36119014704,36081042700,67.66
36119013800,36081042700,58.24
36119012400,36081042700,62.7
36087012203,36081042700,56.38
36087012401,36081042700,52.46
36087011404,36081042700,52.82
36087011901,36081042700,50.47
36087011200,36081042700,48.66
36087011401,36081042700,54.71
36087010802,36081042700,57.5
36087011102,36081042700,49.32
36087011301,36081042700,51.11
36087011302,36081042700,51.43
36087010801,36081042700,58.42
36087010803,36081042700,56.62
36087010901,36081042700,55.72
36087010902,36081042700,53.91
36087011603,36081042700,52.02
36087012300,36081042700,52.33
36087011000,36081042700,49.83
36087011303,36081042700,47.67
36087010101,36081042700,63.09
36087010501,36081042700,60.94
36087010503,36081042700,61.22
36087010602,36081042700,61.02
36087010702,36081042700,60.55
36087010701,36081042700,60.25
36087010502,36081042700,56.44
36087010703,36081042700,61.76
36087011101,36081042700,52.72
36087012502,36081042700,44.47
36087011501,36081042700,58.53
36087011502,36081042700,54.39
36087011504,36081042700,53.87
36087011602,36081042700,54.95
36087011601,36081042700,54.72
36087011700,36081042700,56.07
36087012202,36081042700,52.68
36087011800,36081042700,51.55
36087012102,36081042700,55.59
36087012101,36081042700,56.88
36087012501,36081042700,51.4
36087012000,36081042700,53.34
36087010601,36081042700,59.38
36087010102,36081042700,62.1
36087010200,36081042700,63.75
36087010804,36081042700,54.38
36087011403,36081042700,51.62
36087012103,36081042700,55.52
36087012402,36081042700,49.99
36087011405,36081042700,50.32
36087012106,36081042700,53.15
36087012105,36081042700,54.25
36087011505,36081042700,55.21
36087011506,36081042700,54.51
36087011902,36081042700,52.76
36087012204,36081042700,55.23
36079010700,36081042700,82.98
36079010800,36081042700,77.44
36079010900,36081042700,79.23
36079011000,36081042700,74.01
36079011700,36081042700,75.18
36079011800,36081042700,76.12
36079011900,36081042700,73.47
36079011100,36081042700,77.52
36079011200,36081042700,72.99
36079011400,36081042700,80.16
36079011600,36081042700,74.54
36079011500,36081042700,79.46
36079011300,36081042700,78.27
36079010500,36081042700,93.33
36079010300,36081042700,80.57
36079010400,36081042700,81.05
36079010200,36081042700,83.53
36079010100,36081042700,83.59
36079010600,36081042700,84.18
36071015005,36081042700,78.67
36071015006,36081042700,78.92
36071014102,36081042700,71.92
36071014101,36081042700,75.39
36071015003,36081042700,77.09
36071015004,36081042700,78.28
36071013201,36081042700,88.1
36071000501,36081042700,92.16
36071013300,36081042700,80.31
36071013400,36081042700,76.95
36071014301,36081042700,80.36
36071014302,36081042700,84.91
36071012900,36081042700,85.47
36071013000,36081042700,84.13
36071013100,36081042700,88.57
36071013600,36081042700,80.21
36071013900,36081042700,76.65
36071013800,36081042700,69.8
36071013700,36081042700,74.27
36071014201,36081042700,78.29
36071014202,36081042700,76.68
36071000100,36081042700,93.03
36071000200,36081042700,90.73
36071000300,36081042700,91.9
36071000400,36081042700,93.55
36071000600,36081042700,92.09
36071010200,36081042700,93.01
36071010300,36081042700,95.76
36071010400,36081042700,89.51
36071012800,36081042700,89.62
36071012700,36081042700,90.24
36071014900,36081042700,63.84
36071014400,36081042700,88.45
36071014600,36081042700,88.28
36071014700,36081042700,88.1
36071014800,36081042700,77.5
36071013500,36081042700,78.04
36071000502,36081042700,92.21
36071012602,36081042700,89.37
36071012601,36081042700,93.07
36071013202,36081042700,84.88
36071014502,36081042700,90.86
36119010600,36081042700,34.44
36119010803,36081042700,37.95
36119010901,36081042700,42.23
36119010902,36081042700,39.33
36119010903,36081042700,38.22
36119011000,36081042700,39.71
36119011101,36081042700,39.71
36119011102,36081042700,36.15
36119011300,36081042700,37.44
36119010400,36081042700,34.45
36119010500,36081042700,34.6
36119008901,36081042700,38.97
36119008902,36081042700,40.73
36119009000,36081042700,38.37
36119011200,36081042700,37.72
36119010801,36081042700,37.69
36119011400,36081042700,41.99
36119011500,36081042700,40.74
36119011600,36081042700,42.43
36119008302,36081042700,38.72
36119008602,36081042700,38.33
36119008700,36081042700,40.97
36119011700,36081042700,45.46
36119011902,36081042700,41.22
36119012000,36081042700,44.51
36119981000,36081042700,42.4
36119012301,36081042700,40.73
36087013402,36081042700,41.78
36087013401,36081042700,43.85
36087013100,36081042700,47.73
36087013002,36081042700,46.31
36087012600,36081042700,48.21
36087012700,36081042700,47.17
36087012800,36081042700,48.44
36087013300,36081042700,44.57
36087013200,36081042700,48.02
36087013001,36081042700,48.21
36087013003,36081042700,46.91
36119002103,36081042700,30.95
36119004900,36081042700,32.08
36119005001,36081042700,31.18
36119005002,36081042700,29.21
36119005100,36081042700,28.88
36119004800,36081042700,29.27
36119009100,36081042700,37.48
36119007700,36081042700,35.84
36119007402,36081042700,31.6
36119007900,36081042700,36.86
36119008301,36081042700,38.34
36119008200,36081042700,39.44
36119009600,36081042700,36.7
36119010701,36081042700,35.34
36119009800,36081042700,31.39
36119009900,36081042700,34.15
36119010000,36081042700,34.98
36119010100,36081042700,32.53
36119008800,36081042700,37.99
36119009200,36081042700,37.61
36119009300,36081042700,37.75
36119009400,36081042700,37.48
36119009500,36081042700,36.93
36119010702,36081042700,36.15
36119008100,36081042700,38.32
36119010804,36081042700,35.83
36119010200,36081042700,31.29
36119009701,36081042700,35.64
36119000101,36081042700,28.2
36119000103,36081042700,28.34
36119000104,36081042700,30.9
36119000300,36081042700,28.3
36119000401,36081042700,28.79
36119000402,36081042700,29.96
36119000500,36081042700,29.46
36119010300,36081042700,32.78
36119007401,36081042700,31.84
36119000600,36081042700,30.11
36119000701,36081042700,31.35
36119000702,36081042700,38.27
36119000801,36081042700,30.18
36119000802,36081042700,29.5
36119000803,36081042700,31.43
36119000900,36081042700,29.4
36119001000,36081042700,28.52
36119001101,36081042700,28.62
36059517902,36081042700,40.34
36119008401,36081042700,35.79
36119008403,36081042700,34.68
36119008404,36081042700,33.33
36119008500,36081042700,36.55
36119009702,36081042700,38.53
36119001102,36081042700,28.89
36119001200,36081042700,28.25
36119001301,36081042700,26.6
36119001401,36081042700,28.04
36059990200,36081042700,36.35
36119009703,36081042700,36.4
36119006700,36081042700,29.43
36119006900,36081042700,30.33
36119007000,36081042700,27.35
36119002106,36081042700,32.66
36119002201,36081042700,30.15
36119002202,36081042700,28.14
36119002203,36081042700,28.64
36059990301,36081042700,59.28
36119007100,36081042700,27.15
36119007200,36081042700,29.24
36119007300,36081042700,31.11
36119002204,36081042700,27.4
36119002300,36081042700,28.54
36119002401,36081042700,27.85
36119002404,36081042700,27.3
36119002405,36081042700,27.82
36119002402,36081042700,26.31
36119002403,36081042700,25.96
36119002107,36081042700,32.49
36119001600,36081042700,27.92
36119001700,36081042700,28.32
36119003700,36081042700,25.35
36119003800,36081042700,24.95
36119003900,36081042700,25.47
36119008000,36081042700,37.6
36119001800,36081042700,30.32
36085027900,36081042700,43.86
36085017005,36081042700,49.54
36085029102,36081042700,42.86
36085031901,36081042700,42.76
36085031902,36081042700,43.29
36085032300,36081042700,44.65
36085013203,36081042700,44.09
36085017007,36081042700,50.36
36085029104,36081042700,40.95
36085029103,36081042700,40.89
36085014604,36081042700,48.2
36085017009,36081042700,52.5
36085022800,36081042700,46.45
36085024401,36081042700,55.99
36085024402,36081042700,54.39
36085027705,36081042700,43.89
36085027706,36081042700,43.28
36085990100,36081042700,48.0
36085006700,36081042700,40.63
36085018100,36081042700,43.48
36085019800,36081042700,50.51
36085012805,36081042700,41.58
36085012806,36081042700,40.48
36085014607,36081042700,48.69
36085014608,36081042700,47.76
36085017011,36081042700,48.6
36085017012,36081042700,48.8
36061027100,36081042700,20.82
36061004100,36081042700,18.89
36061001402,36081042700,16.21
36061017300,36081042700,19.64
36061002601,36081042700,18.84
36061019400,36081042700,16.61
36061024301,36081042700,20.99
36061014300,36081042700,18.89
36061001502,36081042700,21.57
36061006600,36081042700,15.32
36061011201,36081042700,15.57
36061000100,36081042700,33.39
36061028500,36081042700,21.42
36061003601,36081042700,18.86
36061012200,36081042700,16.05
36061007000,36081042700,14.17
36061019100,36081042700,21.45
36061019300,36081042700,20.26
36061017401,36081042700,18.26
36061002400,36081042700,18.56
36061017800,36081042700,17.1
36061006800,36081042700,15.11
36061003200,36081042700,18.68
36061007500,36081042700,20.16
36061002700,36081042700,19.67
36061000700,36081042700,22.13
36103159000,36081042700,65.3
36103158900,36081042700,62.46
36103158804,36081042700,63.99
36103158802,36081042700,63.86
36103159602,36081042700,85.09
36103159601,36081042700,81.04
36103159508,36081042700,81.25
36103159506,36081042700,78.74
36103159505,36081042700,78.96
36103159406,36081042700,83.74
36103159404,36081042700,76.58
36103159300,36081042700,71.11
36103159512,36081042700,81.1
36103190503,36081042700,87.46
36103190504,36081042700,89.88
36103159509,36081042700,82.41
36103159511,36081042700,77.63
36103190502,36081042700,93.72
36103190402,36081042700,100.46
36059416802,36081042700,30.57
36059990302,36081042700,37.35
36119001900,36081042700,30.26
36119002000,36081042700,32.67
36119002101,36081042700,32.9
36119002104,36081042700,30.3
36119002105,36081042700,33.59
36119004200,36081042700,24.38
36119004300,36081042700,24.52
36119004400,36081042700,25.64
36119004500,36081042700,26.23
36119005300,36081042700,22.98
36119985000,36081042700,43.39
36119007800,36081042700,37.71
36119005902,36081042700,25.67
36119006000,36081042700,24.37
36119006400,36081042700,25.37
36119006500,36081042700,26.63
36119006600,36081042700,25.43
36119006801,36081042700,31.13
36119006802,36081042700,28.88
36119005200,36081042700,28.83
36119004600,36081042700,28.49
36119004700,36081042700,27.15
36119007500,36081042700,32.87
36119007600,36081042700,34.87
36103990100,36081042700,94.99
36103110101,36081042700,50.31
36103110801,36081042700,64.94
36061030900,36081042700,24.71
36061029700,36081042700,23.02
36119005600,36081042700,25.04
36119000201,36081042700,28.13
36119000202,36081042700,28.0
36119000203,36081042700,27.32
36059517901,36081042700,39.06
36119001302,36081042700,26.19
36119001303,36081042700,26.85
36119001402,36081042700,26.78
36059990100,36081042700,31.28
36119001403,36081042700,25.21
36119001502,36081042700,24.38
36119001503,36081042700,25.23
36119001504,36081042700,25.87
36059517801,36081042700,36.38
36119002600,36081042700,22.13
36119002700,36081042700,22.2
36085017008,36081042700,50.12
36085020803,36081042700,53.69
36085021300,36081042700,39.77
36085022300,36081042700,41.39
36085022600,36081042700,53.16
36085023100,36081042700,41.47
36085023900,36081042700,39.93
36085024700,36081042700,39.48
36085024800,36081042700,55.88
36085025100,36081042700,40.41
36085027301,36081042700,41.72
36085027302,36081042700,39.89
36085030301,36081042700,40.57
36085027702,36081042700,46.02
36119002800,36081042700,23.48
36059518201,36081042700,34.92
36103158318,36081042700,76.07
36103158317,36081042700,75.01
36103110600,36081042700,50.31
36103158304,36081042700,74.26
36103158207,36081042700,71.22
36103158206,36081042700,70.73
36103158205,36081042700,70.45
36103158203,36081042700,70.46
36103158202,36081042700,68.88
36103158010,36081042700,71.38
36103158007,36081042700,67.58
36103158002,36081042700,69.59
36103158001,36081042700,75.32
36103135004,36081042700,66.55
36103110402,36081042700,47.95
36103110501,36081042700,47.88
36103134703,36081042700,56.39
36103134704,36081042700,57.56
36103110803,36081042700,50.94
36103110300,36081042700,42.92
36103110401,36081042700,46.86
36103158408,36081042700,79.66
36103158407,36081042700,78.64
36085001700,36081042700,39.65
36085000600,36081042700,34.8
36085000700,36081042700,42.09
36085001800,36081042700,33.21
36085000300,36081042700,40.28
36085000800,36081042700,34.33
36085000900,36081042700,41.74
36085002001,36081042700,33.49
36085002002,36081042700,32.73
36085013204,36081042700,42.66
36085002100,36081042700,38.08
36085002700,36081042700,36.43
36085002900,36081042700,36.71
36085001100,36081042700,41.21
36085003300,36081042700,38.59
36085003600,36081042700,34.83
36085003900,36081042700,39.13
36085004000,36081042700,36.51
36085004700,36081042700,36.94
36085005000,36081042700,34.74
36085005900,36081042700,41.43
36085006400,36081042700,33.83
36085007000,36081042700,35.84
36085007400,36081042700,35.22
36085007500,36081042700,41.17
36085007700,36081042700,42.53
36085008100,36081042700,42.84
36085014605,36081042700,47.42
36085008900,36081042700,42.52
36085009601,36081042700,34.93
36085009602,36081042700,36.49
36085009700,36081042700,42.28
36085010500,36081042700,39.02
36085011201,36081042700,37.53
36085011202,36081042700,38.76
36085011401,36081042700,36.81
36085011402,36081042700,37.7
36085012100,36081042700,37.96
36085012200,36081042700,38.88
36085012500,36081042700,39.69
36085012804,36081042700,40.77
36085013201,36081042700,41.38
36085014606,36081042700,47.27
36085013301,36081042700,40.63
36085013302,36081042700,41.24
36085013400,36081042700,40.31
36085013800,36081042700,43.01
36085014100,36081042700,40.4
36085027704,36081042700,42.61
36085020804,36081042700,52.06
36085014700,36081042700,37.43
36085015100,36081042700,39.22
36085015400,36081042700,44.51
36085015601,36081042700,45.73
36085015602,36081042700,46.84
36085015603,36081042700,44.7
36085016901,36081042700,35.9
36085017010,36081042700,52.63
36085017300,36081042700,37.05
36085017600,36081042700,47.98
36085017700,36081042700,37.08
36085018701,36081042700,37.83
36085018702,36081042700,38.66
36085018901,36081042700,38.7
36085018902,36081042700,37.95
36085019700,36081042700,38.81
36085020100,36081042700,39.9
36085020700,36081042700,40.99
36085030302,36081042700,42.17
36085020801,36081042700,51.6
36119002900,36081042700,23.62
36119003000,36081042700,24.73
36119003100,36081042700,23.27
36119003200,36081042700,22.7
36119001505,36081042700,25.88
36119003300,36081042700,22.49
36119003400,36081042700,22.05
36119003500,36081042700,24.32
36119003600,36081042700,24.93
36119004000,36081042700,23.83
36119004100,36081042700,23.12
36059517000,36081042700,32.12
36119005701,36081042700,23.25
36119005702,36081042700,24.87
36119005800,36081042700,23.2
36119005901,36081042700,24.96
36119006100,36081042700,22.79
36119006200,36081042700,24.14
36119006300,36081042700,24.02
36119005400,36081042700,22.51
36119005500,36081042700,21.76
36005037600,36081042700,20.74
36005045600,36081042700,20.52
36005028900,36081042700,24.2
36005041900,36081042700,21.62
36005035800,36081042700,19.36
36005033400,36081042700,18.63
36005038200,36081042700,20.77
36005039400,36081042700,22.45
36005036800,36081042700,19.85
36005039600,36081042700,22.06
36005028700,36081042700,24.33
36005042300,36081042700,22.27
36005042800,36081042700,21.63
36005042600,36081042700,20.67
36005030701,36081042700,25.65
36005045102,36081042700,24.44
36005041800,36081042700,23.6
36005028300,36081042700,23.19
36005042901,36081042700,22.17
36005027700,36081042700,24.23
36005040400,36081042700,22.0
36005041400,36081042700,23.8
36005027300,36081042700,25.03
36005037800,36081042700,21.48
36005045800,36081042700,20.6
36005043600,36081042700,22.57
36005042200,36081042700,22.15
36005031900,36081042700,28.94
36005037400,36081042700,20.75
36005039800,36081042700,21.06
36005042100,36081042700,22.15
36005043100,36081042700,22.16
36005042902,36081042700,22.12
36005032300,36081042700,27.3
36005030100,36081042700,24.98
36005048400,36081042700,20.05
36005045101,36081042700,23.97
36005038600,36081042700,19.82
36005034500,36081042700,25.65
36005046202,36081042700,18.56
36005044902,36081042700,24.62
36005038000,36081042700,21.17
36005029700,36081042700,25.6
36005029500,36081042700,25.93
36005028100,36081042700,22.76
36005034300,36081042700,25.68
36005039000,36081042700,21.52
36005044800,36081042700,21.92
36005046000,36081042700,20.32
36005042000,36081042700,23.27
36005028500,36081042700,24.16
36005035100,36081042700,25.38
36005041100,36081042700,21.96
36005041300,36081042700,22.2
36005039200,36081042700,22.3
36005040600,36081042700,22.68
36005044200,36081042700,23.41
36005027900,36081042700,23.25
36005040800,36081042700,23.81
36005044901,36081042700,24.56
36005038800,36081042700,20.97
36005040900,36081042700,22.2
36005046201,36081042700,20.35
36005043000,36081042700,22.05
36005050400,36081042700,23.34
36005042400,36081042700,21.38
36005037200,36081042700,20.09
36005043500,36081042700,24.64
36005026702,36081042700,22.94
36005029301,36081042700,25.82
36005029302,36081042700,26.24
36005030900,36081042700,27.76
36005033500,36081042700,25.01
36005033700,36081042700,26.55
36005043400,36081042700,22.63
36005044400,36081042700,22.19
36061012900,36081042700,16.93
36061014401,36081042700,17.93
36061009900,36081042700,17.77
36061014601,36081042700,17.6
36061015400,36081042700,17.9
36061015801,36081042700,18.25
36061015601,36081042700,17.72
36061029500,36081042700,22.02
36061024000,36081042700,21.63
36061001401,36081042700,16.94
36061021703,36081042700,19.78
36061015200,36081042700,17.16
36061022900,36081042700,20.5
36061016100,36081042700,18.55
36061024700,36081042700,22.1
36061016300,36081042700,18.93
36061020600,36081042700,17.29
36061016500,36081042700,19.62
36061018300,36081042700,20.64
36061018000,36081042700,17.78
36061016002,36081042700,18.44
36061016700,36081042700,19.54
36061017500,36081042700,20.83
36061024900,36081042700,21.26
36061021900,36081042700,19.46
36061017000,36081042700,18.07
36061016900,36081042700,19.46
36061023900,36081042700,20.38
36061017100,36081042700,20.36
36061018100,36081042700,20.89
36061020102,36081042700,18.83
36061017402,36081042700,19.37
36061028700,36081042700,21.49
36061000201,36081042700,18.34
36061016400,36081042700,17.9
36061018200,36081042700,17.66
36061022301,36081042700,19.74
36061018500,36081042700,20.47
36061021000,36081042700,17.61
36061027700,36081042700,22.18
36061023502,36081042700,19.05
36061022102,36081042700,19.46
36061019701,36081042700,20.34
36061019500,36081042700,20.82
36061018900,36081042700,21.24
36061024100,36081042700,20.65
36061019000,36081042700,18.21
36061020101,36081042700,19.52
36061021400,36081042700,17.8
36061020800,36081042700,18.27
36061018800,36081042700,16.83
36061023000,36081042700,18.75
36061026300,36081042700,20.65
36061022400,36081042700,17.51
36061008700,36081042700,17.46
36061023700,36081042700,20.73
36061024500,36081042700,21.48
36061010601,36081042700,14.84
36061022200,36081042700,17.8
36061024302,36081042700,19.01
36061021200,36081042700,17.95
36061022500,36081042700,20.42
36061011401,36081042700,15.25
36061023200,36081042700,18.9
36061009600,36081042700,16.27
36061011203,36081042700,14.5
36061030300,36081042700,23.88
36061023300,36081042700,20.72
36061022302,36081042700,19.86
36061025300,36081042700,21.61
36061020901,36081042700,18.11
36061023600,36081042700,19.45
36061025100,36081042700,21.42
36061025500,36081042700,22.22
36061026700,36081042700,21.34
36061028100,36081042700,21.97
36061029100,36081042700,21.12
36061020701,36081042700,19.16
36061028300,36081042700,21.55
36061006200,36081042700,14.84
36061002500,36081042700,19.88
36061005800,36081042700,16.14
36061006000,36081042700,17.41
36061022600,36081042700,18.26
36061009000,36081042700,14.1
36061002202,36081042700,18.57
36061011500,36081042700,15.71
36061027500,36081042700,22.9
36061014700,36081042700,18.07
36061015001,36081042700,18.0
36061015500,36081042700,18.18
36061020300,36081042700,19.63
36061019702,36081042700,19.52
36061010400,36081042700,15.99
36061000500,36081042700,21.67
36061003400,36081042700,17.55
36061003001,36081042700,18.57
36061000202,36081042700,18.33
36061014900,36081042700,17.15
36061000800,36081042700,18.96
36061002900,36081042700,20.0
36061010200,36081042700,15.53
36061008000,36081042700,13.02
36081040300,36081042700,2.71
36081040400,36081042700,13.22
36081040500,36081042700,3.98
36081040700,36081042700,3.61
36081040900,36081042700,2.87
36081041100,36081042700,2.9
36081041300,36081042700,1.85
36081041400,36081042700,13.0
36081041500,36081042700,2.34
36081042600,36081042700,15.43
36081042700,36081042700,0.0
36081043200,36081042700,12.9
36081043400,36081042700,13.18
36081043900,36081042700,1.24
36081044000,36081042700,11.69
36081044601,36081042700,10.12
36081058000,36081042700,14.58
36081058100,36081042700,10.31
36081058300,36081042700,11.49
36081058500,36081042700,11.01
36081058700,36081042700,10.03
36081058900,36081042700,10.78
36081059000,36081042700,15.01
36081059100,36081042700,10.27
36081059200,36081042700,16.36
36081059300,36081042700,9.29
36081059400,36081042700,15.43
36081059500,36081042700,9.22
36081059600,36081042700,15.73
36081059800,36081042700,15.07
36081059900,36081042700,7.4
36103123202,36081042700,38.13
36103123401,36081042700,39.35
36103147401,36081042700,50.43
36103146500,36081042700,51.34
36103123900,36081042700,40.28
36103124001,36081042700,41.06
36103124002,36081042700,43.09
36103123301,36081042700,36.43
36103123302,36081042700,38.62
36103123101,36081042700,42.88
36103123102,36081042700,43.07
36103123402,36081042700,40.48
36103122901,36081042700,40.08
36103122902,36081042700,40.08
36103123001,36081042700,41.7
36103123002,36081042700,41.57
36103146704,36081042700,44.79
36103146705,36081042700,42.96
36103146706,36081042700,45.65
36103146800,36081042700,45.21
36103147001,36081042700,48.73
36059521902,36081042700,39.51
36059415102,36081042700,30.83
36059414502,36081042700,29.33
36059416100,36081042700,34.44
36059521400,36081042700,37.16
36059521302,36081042700,36.13
36103159408,36081042700,73.62
36103159407,36081042700,74.24
36103147503,36081042700,53.26
36103147901,36081042700,64.55
36103147902,36081042700,61.95
36103159204,36081042700,72.53
36103159203,36081042700,68.53
36103159201,36081042700,66.33
36103159106,36081042700,70.25
36103159105,36081042700,66.66
36103147004,36081042700,64.77
36103159510,36081042700,62.46
36103124200,36081042700,42.67
36103147501,36081042700,52.1
36103124402,36081042700,46.24
36103123600,36081042700,40.2
36103124401,36081042700,43.37
36103124601,36081042700,44.23
36103124602,36081042700,44.93
36103123702,36081042700,39.84
36103123801,36081042700,41.45
36103123802,36081042700,42.33
36103147502,36081042700,53.83
36103146608,36081042700,60.13
36103147402,36081042700,52.12
36103159411,36081042700,77.73
36103124101,36081042700,42.78
36103124102,36081042700,42.01
36103147601,36081042700,56.45
36103147602,36081042700,55.0
36103147701,36081042700,57.94
36103147802,36081042700,60.54
36103147803,36081042700,58.72
36103147804,36081042700,62.03
36103146901,36081042700,47.41
36103146902,36081042700,46.85
36103147702,36081042700,58.72
36103159103,36081042700,69.13
36103159102,36081042700,67.53
36061012100,36081042700,15.91
36061000600,36081042700,18.08
36061009200,36081042700,14.41
36061001200,36081042700,17.59
36061005501,36081042700,20.23
36061003002,36081042700,18.61
36061003100,36081042700,20.93
36061001300,36081042700,23.46
36061001800,36081042700,18.2
36061017900,36081042700,21.3
36061001002,36081042700,19.47
36061004700,36081042700,20.54
36061014500,36081042700,18.48
36061004800,36081042700,17.12
36061002800,36081042700,18.49
36061005900,36081042700,18.66
36061005700,36081042700,18.34
36061003602,36081042700,19.1
36061013600,36081042700,16.64
36061012600,36081042700,15.8
36061031900,36081042700,23.59
36061014402,36081042700,16.61
36061003900,36081042700,23.33
36061001501,36081042700,21.34
36061004200,36081042700,17.23
36061002201,36081042700,18.66
36061014802,36081042700,17.72
36061008400,36081042700,14.61
36061002000,36081042700,19.62
36061001001,36081042700,19.43
36061004300,36081042700,18.93
36061008100,36081042700,19.05
36061005502,36081042700,19.39
36061010300,36081042700,16.57
36061010000,36081042700,14.64
36081051800,36081042700,13.7
36081052000,36081042700,14.38
36081052100,36081042700,7.1
36081052200,36081042700,14.76
36081052400,36081042700,14.45
36081052500,36081042700,7.81
36081052600,36081042700,14.89
36081052800,36081042700,14.97
36081053000,36081042700,14.75
36081053200,36081042700,13.29
36081053401,36081042700,14.03
36081053500,36081042700,8.77
36081053601,36081042700,13.35
36081053800,36081042700,14.39
36081053900,36081042700,9.91
36081054000,36081042700,13.05
36081054200,36081042700,11.44
36081054500,36081042700,10.69
36081054700,36081042700,11.28
36081034700,36081042700,5.68
36081035100,36081042700,4.93
36081035200,36081042700,15.41
36081035300,36081042700,4.78
36081035800,36081042700,15.85
36081036100,36081042700,5.33
36081036300,36081042700,4.88
36081036500,36081042700,4.32
36081036600,36081042700,14.54
36081036700,36081042700,4.6
36081036800,36081042700,13.89
36081037100,36081042700,4.42
36081037300,36081042700,2.98
36081037500,36081042700,3.98
36081037600,36081042700,15.73
36081037700,36081042700,4.43
36081037900,36081042700,3.6
36081038100,36081042700,3.27
36081038400,36081042700,14.87
36081039400,36081042700,15.01
36081039800,36081042700,13.95
36081054800,36081042700,11.2
36081054900,36081042700,11.41
36081055100,36081042700,11.74
36081055200,36081042700,10.5
36081055300,36081042700,11.7
36081055400,36081042700,12.75
36081055500,36081042700,13.26
36081055600,36081042700,11.7
36081055700,36081042700,11.31
36081055800,36081042700,12.5
36081055900,36081042700,13.01
36081056000,36081042700,12.35
36081056100,36081042700,13.28
36081056200,36081042700,13.13
36081056400,36081042700,13.34
36081056500,36081042700,11.99
36081056600,36081042700,13.22
36081056700,36081042700,12.05
36081056800,36081042700,13.4
36081057700,36081042700,11.03
36081057900,36081042700,11.31
36081039900,36081042700,3.21
36081040000,36081042700,14.71
36081040100,36081042700,1.97
36081040200,36081042700,14.06
36061011100,36081042700,14.87
36061022800,36081042700,18.8
36061006500,36081042700,20.2
36061001600,36081042700,18.29
36061009300,36081042700,17.45
36061003800,36081042700,18.42
36061005000,36081042700,16.55
36061006400,36081042700,16.0
36061008300,36081042700,18.93
36061007900,36081042700,19.8
36061022000,36081042700,17.88
36061004500,36081042700,19.65
36061027900,36081042700,21.66
36061023400,36081042700,19.38
36061018700,36081042700,21.88
36061002100,36081042700,22.09
36061018400,36081042700,17.24
36061007600,36081042700,14.68
36061016200,36081042700,18.96
36061030700,36081042700,23.0
36061006100,36081042700,18.32
36061009500,36081042700,16.68
36061002602,36081042700,18.19
36061006900,36081042700,21.28
36061008800,36081042700,14.81
36061007100,36081042700,19.15
36061023501,36081042700,20.39
36061007200,36081042700,13.73
36061003300,36081042700,21.7
36061015002,36081042700,18.18
36061007300,36081042700,19.74
36061010100,36081042700,16.09
36061010900,36081042700,15.66
36061004000,36081042700,17.73
36061027300,36081042700,21.61
36061009700,36081042700,16.55
36061006700,36081042700,20.39
36061004900,36081042700,20.42
36061018600,36081042700,18.7
36061009800,36081042700,15.02
36061019900,36081042700,20.38
36061008200,36081042700,14.04
36061005200,36081042700,18.16
36061005600,36081042700,15.42
36061016600,36081042700,18.29
36081027400,36081042700,11.48
36081027500,36081042700,4.46
36081027600,36081042700,11.17
36081027700,36081042700,5.34
36081027800,36081042700,11.57
36081027900,36081042700,5.87
36081028000,36081042700,12.31
36081028100,36081042700,5.74
36081028200,36081042700,13.75
36081028300,36081042700,6.42
36081028400,36081042700,13.11
36081028500,36081042700,6.67
36081028700,36081042700,6.75
36081048900,36081042700,7.23
36081049200,36081042700,10.62
36081049301,36081042700,7.71
36081049302,36081042700,6.86
36081049500,36081042700,6.46
36081049600,36081042700,12.12
36081049700,36081042700,8.26
36081049900,36081042700,6.67
36081050000,36081042700,12.83
36081050201,36081042700,13.8
36081050202,36081042700,13.09
36081050400,36081042700,13.94
36081050500,36081042700,5.88
36081050600,36081042700,14.13
36081050700,36081042700,7.22
36081050800,36081042700,13.27
36081051000,36081042700,12.18
36081051100,36081042700,7.0
36081051200,36081042700,12.49
36081051300,36081042700,7.67
36081028800,36081042700,12.12
36081028900,36081042700,7.05
36081029100,36081042700,7.64
36081029300,36081042700,7.75
36081029500,36081042700,8.66
36081029700,36081042700,8.38
36081029900,36081042700,9.66
36081030902,36081042700,7.54
36081031700,36081042700,7.42
36081032000,36081042700,13.74
36081032700,36081042700,7.19
36081032800,36081042700,14.41
36081032900,36081042700,5.51
36081033000,36081042700,13.43
36081033100,36081042700,7.81
36081033401,36081042700,15.65
36081033402,36081042700,14.27
36081033700,36081042700,6.69
36081033900,36081042700,5.66
36081051500,36081042700,8.34
36081051600,36081042700,13.39
36081051700,36081042700,6.8
36061000900,36081042700,22.83
36061026100,36081042700,20.3
36047089800,36081042700,16.48
36047090000,36081042700,15.02
36047090200,36081042700,14.67
36047090600,36081042700,13.97
36047090800,36081042700,13.8
36047091000,36081042700,15.08
36047091200,36081042700,15.26
36047091600,36081042700,16.25
36047091800,36081042700,16.24
36047092000,36081042700,16.98
36047092200,36081042700,17.11
36047092800,36081042700,17.57
36047068000,36081042700,21.06
36047068200,36081042700,21.67
36047068600,36081042700,22.66
36047068800,36081042700,22.15
36047069000,36081042700,22.26
36047069200,36081042700,22.4
36047069800,36081042700,22.89
36081012400,36081042700,10.16
36081012601,36081042700,11.06
36081012602,36081042700,10.9
36081012800,36081042700,10.7
36081013000,36081042700,10.41
36081013200,36081042700,9.41
36081013400,36081042700,8.14
36081013500,36081042700,8.79
36081013600,36081042700,8.65
36081013700,36081042700,8.41
36081013800,36081042700,8.76
36081014000,36081042700,8.88
36081014100,36081042700,7.92
36081089200,36081042700,16.34
36081090700,36081042700,8.18
36081091601,36081042700,33.12
36081091602,36081042700,30.2
36081091800,36081042700,30.57
36081091900,36081042700,9.42
36081092500,36081042700,10.15
36081092900,36081042700,12.2
36081093900,36081042700,11.51
36081094500,36081042700,9.41
36081094700,36081042700,10.56
36081038301,36081042700,5.09
36081099703,36081042700,13.91
36081099704,36081042700,14.2
36081099705,36081042700,13.05
36081129103,36081042700,11.72
36081129104,36081042700,11.05
36081014201,36081042700,8.39
36081014202,36081042700,8.26
36081014300,36081042700,8.58
36081014400,36081042700,9.09
36081014500,36081042700,9.57
36081014700,36081042700,10.0
36081014800,36081042700,9.41
36081014900,36081042700,10.42
36081015000,36081042700,9.22
36081015100,36081042700,10.81
36081015200,36081042700,8.73
36081015300,36081042700,9.93
36081015400,36081042700,10.15
36081015500,36081042700,10.32
36081015600,36081042700,10.25
36081015700,36081042700,10.81
36081015900,36081042700,10.59
36081016100,36081042700,9.75
36081016300,36081042700,9.02
36081016400,36081042700,10.33
36081016600,36081042700,11.59
36081016800,36081042700,10.21
36081016900,36081042700,9.48
36081017000,36081042700,10.05
36081097300,36081042700,9.81
36081098100,36081042700,10.67
36081047000,36081042700,12.09
36081047100,36081042700,5.25
36081047200,36081042700,11.66
36081047300,36081042700,6.01
36081047500,36081042700,5.69
36081047600,36081042700,11.41
36081047800,36081042700,11.37
36081047900,36081042700,6.42
36081048000,36081042700,12.12
36081048100,36081042700,6.76
36081048200,36081042700,11.98
36081048300,36081042700,6.96
36081048400,36081042700,12.19
36081048500,36081042700,7.55
36081017100,36081042700,10.53
36081026400,36081042700,11.82
36081026500,36081042700,6.54
36081026600,36081042700,11.7
36081026700,36081042700,6.0
36081027000,36081042700,10.94
36081027100,36081042700,5.03
36081027200,36081042700,11.08
36081027300,36081042700,4.08
36061013800,36081042700,16.79
36061017700,36081042700,20.33
36061011600,36081042700,15.46
36061011700,36081042700,16.59
36061008900,36081042700,18.03
36061006300,36081042700,18.99
36061007800,36081042700,12.47
36061019600,36081042700,16.42
36061026900,36081042700,20.46
36061014801,36081042700,17.43
36061012800,36081042700,15.87
36047083400,36081042700,20.6
36047083600,36081042700,20.71
36047083800,36081042700,19.93
36047084000,36081042700,19.03
36047084600,36081042700,18.19
36047084800,36081042700,17.54
36047085000,36081042700,18.44
36047085200,36081042700,20.19
36047085400,36081042700,20.47
36047085600,36081042700,19.94
36047085800,36081042700,19.59
36047086000,36081042700,18.2
36047086200,36081042700,17.88
36047086400,36081042700,17.17
36047086600,36081042700,17.93
36047086800,36081042700,18.48
36047118201,36081042700,12.74
36047118202,36081042700,13.16
36047118400,36081042700,14.01
36047118600,36081042700,13.38
36047118800,36081042700,14.38
36047119200,36081042700,15.22
36047119400,36081042700,15.87
36047119600,36081042700,15.34
36047120000,36081042700,16.0
36047120800,36081042700,16.32
36047121000,36081042700,17.46
36047121400,36081042700,16.38
36047122000,36081042700,19.64
36047054600,36081042700,23.39
36047120200,36081042700,14.69
36047072600,36081042700,19.86
36047004600,36081042700,29.57
36047061002,36081042700,27.74
36047061600,36081042700,27.7
36047067200,36081042700,21.48
36047067400,36081042700,21.73
36047067600,36081042700,20.13
36047067800,36081042700,20.54
36047051002,36081042700,22.82
36047051601,36081042700,23.77
36047051602,36081042700,22.67
36047061003,36081042700,25.46
36047061004,36081042700,26.38
36047069601,36081042700,21.32
36047069602,36081042700,22.4
36047079601,36081042700,22.19
36047079602,36081042700,21.08
36047079801,36081042700,22.03
36047079802,36081042700,21.61
36047105801,36081042700,18.95
36047990100,36081042700,27.86
36047016300,36081042700,20.3
36047016400,36081042700,31.12
36047016500,36081042700,23.27
36047016700,36081042700,24.64
36047016800,36081042700,31.59
36047016900,36081042700,24.57
36047017000,36081042700,29.73
36047017100,36081042700,24.76
36047017200,36081042700,30.35
36047017400,36081042700,30.22
36047017500,36081042700,26.52
36047017600,36081042700,29.77
36047017700,36081042700,21.25
36047017800,36081042700,30.77
36047017900,36081042700,18.24
36047018000,36081042700,30.79
36047018100,36081042700,17.79
36047018200,36081042700,30.09
36047018300,36081042700,16.86
36047018400,36081042700,29.8
36047018501,36081042700,17.03
36047018600,36081042700,29.41
36047018700,36081042700,16.07
36047087000,36081042700,18.54
36047087200,36081042700,18.83
36047087401,36081042700,18.62
36047087600,36081042700,18.08
36047087800,36081042700,17.59
36047088000,36081042700,16.94
36047088200,36081042700,17.07
36047088400,36081042700,16.52
36047088600,36081042700,16.97
36047088800,36081042700,16.69
36047089000,36081042700,15.96
36047089200,36081042700,15.89
36047089400,36081042700,15.92
36047089600,36081042700,17.16
36061011800,36081042700,14.88
36061021800,36081042700,18.26
36061021100,36081042700,18.81
36061005400,36081042700,18.83
36047012000,36081042700,27.18
36047012100,36081042700,21.97
36047012200,36081042700,26.47
36047012700,36081042700,19.62
36047012801,36081042700,26.81
36047012901,36081042700,19.93
36047012902,36081042700,19.93
36047013000,36081042700,27.08
36047013100,36081042700,21.46
36047050300,36081042700,12.75
36047050400,36081042700,23.4
36047050500,36081042700,13.72
36047050600,36081042700,22.08
36047050700,36081042700,14.13
36047050900,36081042700,15.4
36047051100,36081042700,13.53
36047051200,36081042700,22.66
36047051300,36081042700,12.33
36047051400,36081042700,22.32
36047051500,36081042700,13.69
36047051700,36081042700,15.14
36047051800,36081042700,23.89
36047051900,36081042700,14.53
36047052000,36081042700,23.92
36047052300,36081042700,14.12
36047052500,36081042700,13.82
36047052600,36081042700,24.61
36047052700,36081042700,13.42
36047052800,36081042700,25.85
36047052900,36081042700,14.47
36047053000,36081042700,25.65
36047053100,36081042700,14.57
36047053200,36081042700,25.87
36047053300,36081042700,14.6
36047044400,36081042700,26.3
36047044500,36081042700,10.63
36047044600,36081042700,26.39
36047044700,36081042700,10.17
36047044800,36081042700,26.55
36047045000,36081042700,26.63
36047045200,36081042700,26.24
36047045300,36081042700,11.05
36047045400,36081042700,26.03
36047045600,36081042700,25.54
36047045800,36081042700,26.06
36047046201,36081042700,26.5
36047046202,36081042700,26.68
36047046400,36081042700,26.45
36047046800,36081042700,26.72
36047047000,36081042700,27.48
36047047200,36081042700,26.55
36047047400,36081042700,26.82
36047047600,36081042700,25.85
36047047700,36081042700,12.43
36047047800,36081042700,25.36
36047048000,36081042700,25.86
36047048100,36081042700,11.25
36047048200,36081042700,25.6
36047048400,36081042700,25.87
36047013200,36081042700,27.84
36047013300,36081042700,22.14
36047013400,36081042700,27.32
36047013500,36081042700,22.75
36047013600,36081042700,28.01
36047013700,36081042700,22.06
36047013800,36081042700,28.82
36047013900,36081042700,22.74
36047014000,36081042700,28.5
36047014100,36081042700,23.11
36047014200,36081042700,28.49
36047014300,36081042700,22.95
36047014500,36081042700,23.63
36047014700,36081042700,24.39
36047014800,36081042700,29.65
36047014900,36081042700,25.12
36047015000,36081042700,29.58
36047015100,36081042700,22.96
36047015300,36081042700,22.34
36047015400,36081042700,30.36
36047015500,36081042700,21.83
36047015700,36081042700,21.09
36047015900,36081042700,20.68
36047016000,36081042700,28.98
36047016100,36081042700,20.12
36047016200,36081042700,29.95
36047027800,36081042700,29.88
36047027900,36081042700,15.81
36047028000,36081042700,30.25
36047028100,36081042700,15.85
36047082000,36081042700,20.94
36047082200,36081042700,21.61
36047082400,36081042700,20.34
36047082600,36081042700,21.8
36047082800,36081042700,22.71
36047083000,36081042700,22.19
36047083200,36081042700,21.01
36061012000,36081042700,15.01
36061013500,36081042700,17.25
36061013700,36081042700,16.42
36061012400,36081042700,15.66
36061012700,36081042700,16.28
36061013400,36081042700,16.75
36061020000,36081042700,17.94
36061014200,36081042700,17.78
36061009100,36081042700,16.73
36061009400,36081042700,15.1
36061011000,36081042700,14.11
36061010602,36081042700,14.51
36047029600,36081042700,28.21
36047029700,36081042700,17.13
36047029800,36081042700,28.11
36047029900,36081042700,15.97
36047030000,36081042700,28.88
36047030100,36081042700,14.18
36047030200,36081042700,29.48
36047030300,36081042700,14.29
36047030400,36081042700,29.33
36047030600,36081042700,29.21
36047030700,36081042700,17.52
36047030800,36081042700,28.48
36047030900,36081042700,17.82
36047031100,36081042700,18.84
36047031300,36081042700,19.8
36047031400,36081042700,29.27
36047040400,36081042700,27.93
36047040500,36081042700,12.18
36047040600,36081042700,29.0
36047040700,36081042700,13.68
36047040800,36081042700,27.61
36047040900,36081042700,14.17
36047041000,36081042700,26.89
36047041100,36081042700,13.42
36047041200,36081042700,26.47
36047041300,36081042700,14.53
36047041401,36081042700,26.45
36047041402,36081042700,25.96
36047041500,36081042700,14.23
36047041600,36081042700,25.73
36047041700,36081042700,13.38
36047041800,36081042700,25.07
36047041900,36081042700,13.98
36047049300,36081042700,12.25
36047049400,36081042700,23.31
36047049500,36081042700,12.1
36047049600,36081042700,24.07
36047049700,36081042700,12.18
36047049800,36081042700,24.7
36047049900,36081042700,12.8
36047050000,36081042700,23.6
36047050100,36081042700,12.81
36047050202,36081042700,24.08
36047066200,36081042700,23.04
36047067000,36081042700,22.3
36047042000,36081042700,25.29
36047042100,36081042700,13.37
36047042200,36081042700,25.67
36047042300,36081042700,12.2
36047042400,36081042700,26.05
36047042500,36081042700,12.29
36047042600,36081042700,26.6
36047042700,36081042700,10.96
36047042800,36081042700,26.76
36047042900,36081042700,12.18
36047043000,36081042700,26.86
36047043100,36081042700,11.45
36047043200,36081042700,26.73
36047043300,36081042700,12.38
36047043400,36081042700,26.32
36047043500,36081042700,12.83
36047043600,36081042700,26.75
36047043700,36081042700,13.54
36047043800,36081042700,26.0
36047043900,36081042700,12.75
36047044000,36081042700,25.88
36047044100,36081042700,11.17
36047044200,36081042700,24.93
36047044300,36081042700,10.64
36047008600,36081042700,25.77
36047008800,36081042700,25.69
36047009000,36081042700,26.24
36047009200,36081042700,26.64
36047009400,36081042700,27.55
36047009600,36081042700,27.79
36047009800,36081042700,27.45
36047010000,36081042700,27.43
36047010100,36081042700,25.07
36047010200,36081042700,26.64
36047010400,36081042700,27.7
36047010600,36081042700,27.84
36047010800,36081042700,27.93
36047011000,36081042700,25.55
36047011200,36081042700,27.1
36047011400,36081042700,27.63
36047011600,36081042700,27.49
36047011700,36081042700,23.3
36047011800,36081042700,26.78
36061014000,36081042700,16.91
36061010800,36081042700,15.17
36061007700,36081042700,19.36
36061007400,36081042700,14.07
36061012500,36081042700,16.79
36061011202,36081042700,14.82
36047008000,36081042700,26.65
36047008200,36081042700,26.09
36047008400,36081042700,25.0
36047008500,36081042700,22.46
36047025000,36081042700,27.56
36047025100,36081042700,18.33
36047025200,36081042700,28.2
36047025300,36081042700,16.1
36047025400,36081042700,27.51
36047025500,36081042700,15.41
36047025600,36081042700,27.57
36047025700,36081042700,14.86
36047025800,36081042700,27.9
36047025901,36081042700,15.82
36047025902,36081042700,15.24
36047026000,36081042700,29.01
36047026100,36081042700,16.41
36047026200,36081042700,28.85
36047026300,36081042700,16.59
36047026400,36081042700,28.34
36047026500,36081042700,17.05
36047026600,36081042700,29.19
36047026700,36081042700,17.68
36047026800,36081042700,27.38
36047026900,36081042700,18.99
36047027000,36081042700,27.13
36047027200,36081042700,28.3
36047027300,36081042700,17.59
36047027400,36081042700,28.48
36047027500,36081042700,17.78
36047027600,36081042700,28.98
36047027700,36081042700,17.02
36047112600,36081042700,14.47
36047112800,36081042700,16.09
36047113000,36081042700,15.95
36047113200,36081042700,16.24
36047113400,36081042700,15.64
36047114201,36081042700,12.17
36047114202,36081042700,12.37
36047114600,36081042700,12.25
36047115000,36081042700,13.78
36047115200,36081042700,13.45
36047115600,36081042700,13.98
36047115800,36081042700,14.84
36047116000,36081042700,15.27
36047116200,36081042700,15.74
36047116400,36081042700,16.19
36047116600,36081042700,14.46
36047116800,36081042700,13.64
36047117000,36081042700,13.63
36047117201,36081042700,13.18
36047117202,36081042700,12.76
36047117400,36081042700,13.68
36047117601,36081042700,12.85
36047117602,36081042700,13.53
36047117800,36081042700,14.11
36047118000,36081042700,12.9
36047012600,36081042700,26.48
36047027100,36081042700,18.17
36047030500,36081042700,19.06
36047034800,36081042700,27.6
36047044900,36081042700,12.18
36047046000,36081042700,24.99
36047076800,36081042700,25.62
36047094600,36081042700,17.63
36047105804,36081042700,18.23
36047119800,36081042700,12.31
36047152200,36081042700,24.86
36047000501,36081042700,18.93
36047000502,36081042700,18.15
36047001500,36081042700,16.36
36047035601,36081042700,27.03
36047035602,36081042700,28.05
36047037401,36081042700,26.46
36047037402,36081042700,26.94
36047050801,36081042700,21.15
36047050803,36081042700,22.3
36047050804,36081042700,22.46
36047051001,36081042700,21.48
36047028200,36081042700,29.14
36047028300,36081042700,14.67
36047028400,36081042700,29.34
36047028501,36081042700,13.81
36047028502,36081042700,14.53
36047028600,36081042700,28.84
36047028700,36081042700,13.64
36047028800,36081042700,28.73
36047028900,36081042700,14.94
36047029000,36081042700,28.12
36047029100,36081042700,16.15
36047029200,36081042700,28.67
36047029300,36081042700,16.46
36047029400,36081042700,28.76
36047029500,36081042700,16.79
36061015900,36081042700,18.22
36061015602,36081042700,17.26
36061014602,36081042700,17.79
36061020500,36081042700,20.63
36061029300,36081042700,21.29
36061031100,36081042700,20.32
36061011402,36081042700,14.39
36047111000,36081042700,17.41
36047111800,36081042700,16.64
36047112000,36081042700,17.5
36047112200,36081042700,16.29
36047112400,36081042700,15.66
36047081000,36081042700,19.79
36047081400,36081042700,19.35
36047081600,36081042700,19.58
36047081800,36081042700,20.15
36047114400,36081042700,12.29
36047011900,36081042700,21.0
36047015200,36081042700,28.33
36047016600,36081042700,28.83
36047021100,36081042700,16.03
36047048500,36081042700,12.94
36047056100,36081042700,13.77
36047062000,36081042700,27.45
36047080800,36081042700,19.15
36047092400,36081042700,14.7
36047093200,36081042700,19.41
36047110400,36081042700,16.62
36047111600,36081042700,16.55
36047123700,36081042700,15.26
36047150200,36081042700,23.82
36047004400,36081042700,28.78
36047005300,36081042700,21.88
36047037900,36081042700,15.26
36047038100,36081042700,16.24
36047038200,36081042700,28.93
36047038300,36081042700,15.53
36047038500,36081042700,14.93
36047038600,36081042700,27.58
36047038700,36081042700,15.18
36047038800,36081042700,27.63
36047038900,36081042700,13.36
36047039000,36081042700,26.91
36047039100,36081042700,13.13
36047039200,36081042700,26.32
36047039300,36081042700,13.48
36047039400,36081042700,26.23
36047039500,36081042700,13.46
36047039600,36081042700,28.09
36047039700,36081042700,14.49
36047039800,36081042700,27.46
36047039900,36081042700,14.4
36047040000,36081042700,27.69
36047040100,36081042700,13.39
36047040200,36081042700,28.9
36047040300,36081042700,12.77
36047059600,36081042700,25.59
36047059800,36081042700,24.91
36047119000,36081042700,14.01
36047060000,36081042700,25.34
36047060800,36081042700,25.28
36047062800,36081042700,26.31
36047061200,36081042700,26.2
36047062200,36081042700,23.31
36047062600,36081042700,26.29
36047063200,36081042700,24.75
36047063600,36081042700,24.23
36047063800,36081042700,23.73
36047064000,36081042700,23.18
36047064200,36081042700,23.01
36047064400,36081042700,22.64
36047064600,36081042700,22.65
36047064800,36081042700,22.22
36047065000,36081042700,21.85
36047065200,36081042700,22.78
36047065400,36081042700,23.57
36047065600,36081042700,23.37
36047065800,36081042700,24.35
36047066000,36081042700,23.27
36047005601,36081042700,30.0
36047005602,36081042700,29.5
36047005800,36081042700,29.72
36047005900,36081042700,22.36
36047006000,36081042700,29.02
36047006200,36081042700,28.48
36047006300,36081042700,20.42
36047006400,36081042700,27.45
36047006500,36081042700,21.73
36047006600,36081042700,26.84
36047006700,36081042700,20.42
36047006800,36081042700,26.01
36047006900,36081042700,18.74
36047007000,36081042700,25.46
36047007100,36081042700,20.17
36047007200,36081042700,26.41
36047007400,36081042700,27.4
36047007500,36081042700,19.63
36047007600,36081042700,27.58
36047007700,36081042700,21.4
36047007800,36081042700,27.32
36061013900,36081042700,16.79
36061013300,36081042700,17.25
36061015802,36081042700,17.63
36061019200,36081042700,17.54
36061016800,36081042700,18.77
36061011300,36081042700,15.1
36061021600,36081042700,18.62
36047056600,36081042700,23.7
36047056800,36081042700,25.24
36047056900,36081042700,13.55
36047057000,36081042700,24.86
36047057100,36081042700,12.84
36047057200,36081042700,25.15
36047057300,36081042700,12.61
36047057400,36081042700,24.75
36047057500,36081042700,12.71
36047057600,36081042700,25.51
36047057800,36081042700,24.47
36047057900,36081042700,13.08
36047058000,36081042700,25.18
36047058200,36081042700,25.54
36047058400,36081042700,27.57
36047058600,36081042700,26.18
36047058800,36081042700,26.35
36047058900,36081042700,11.78
36047059000,36081042700,26.96
36047059100,36081042700,12.66
36047059200,36081042700,25.7
36047059300,36081042700,12.04
36047059401,36081042700,25.89
36047059402,36081042700,25.6
36047002200,36081042700,27.18
36047002300,36081042700,17.58
36047002901,36081042700,17.28
36047003000,36081042700,26.5
36047003100,36081042700,17.74
36047003300,36081042700,18.82
36047003400,36081042700,27.18
36047003500,36081042700,18.68
36047003600,36081042700,27.39
36047003700,36081042700,18.45
36047003800,36081042700,27.96
36047003900,36081042700,18.77
36047004100,36081042700,18.98
36047004300,36081042700,18.05
36047004500,36081042700,19.9
36047004700,36081042700,19.78
36047060600,36081042700,26.55
36047004900,36081042700,20.3
36047005000,36081042700,29.8
36047005100,36081042700,20.34
36047005201,36081042700,30.52
36047005202,36081042700,30.51
36047005400,36081042700,30.3
36047021900,36081042700,19.8
36047022000,36081042700,27.03
36047022100,36081042700,19.82
36047022200,36081042700,26.42
36047022400,36081042700,25.53
36047022600,36081042700,25.4
36047022700,36081042700,17.8
36047022800,36081042700,24.95
36047022900,36081042700,17.92
36047023000,36081042700,24.7
36047023100,36081042700,17.34
36047023200,36081042700,26.16
36047023300,36081042700,17.12
36047023400,36081042700,26.48
36047023500,36081042700,16.88
36047023600,36081042700,25.91
36047023800,36081042700,26.12
36047024000,36081042700,27.35
36047024100,36081042700,17.0
36047024200,36081042700,27.12
36047024300,36081042700,17.96
36047024400,36081042700,27.8
36047024500,36081042700,18.98
36047024600,36081042700,27.66
36047024700,36081042700,19.81
36047024800,36081042700,28.98
36047024900,36081042700,18.4
36047099800,36081042700,21.08
36047100400,36081042700,21.65
36047100600,36081042700,20.93
36047100800,36081042700,20.17
36047101000,36081042700,19.34
36047101200,36081042700,19.75
36047101400,36081042700,20.54
36047101600,36081042700,20.57
36047101800,36081042700,20.99
36047102000,36081042700,19.65
36047102200,36081042700,19.12
36047102400,36081042700,20.2
36047102600,36081042700,20.4
36047102800,36081042700,19.26
36047103400,36081042700,19.0
36047107000,36081042700,18.2
36047107800,36081042700,18.17
36047109800,36081042700,17.56
36047110600,36081042700,17.45
36061013000,36081042700,16.68
36061019800,36081042700,16.48
36061011900,36081042700,15.62
36061016001,36081042700,18.25
36061015700,36081042700,17.78
36061026500,36081042700,21.0
36061015300,36081042700,17.63
36061013200,36081042700,16.02
36061015100,36081042700,17.89
36047020000,36081042700,28.3
36047020100,36081042700,17.49
36047020200,36081042700,28.01
36047020300,36081042700,17.83
36047020400,36081042700,27.71
36047020500,36081042700,18.59
36047020600,36081042700,27.41
36047020700,36081042700,19.36
36047020800,36081042700,28.2
36047021000,36081042700,27.87
36047021200,36081042700,27.41
36047021300,36081042700,20.02
36047021400,36081042700,28.05
36047021500,36081042700,20.38
36047021600,36081042700,27.8
36047021700,36081042700,20.44
36047021800,36081042700,27.07
36047093000,36081042700,17.8
36047093400,36081042700,17.87
36047093600,36081042700,17.66
36047093800,36081042700,16.94
36047094401,36081042700,18.95
36047094402,36081042700,19.5
36047095000,36081042700,19.56
36047095400,36081042700,19.51
36047095600,36081042700,20.32
36047095800,36081042700,20.89
36047096000,36081042700,19.55
36047096200,36081042700,19.68
36047096400,36081042700,20.62
36047096600,36081042700,20.96
36047096800,36081042700,19.9
36047097000,36081042700,19.98
36047097400,36081042700,20.23
36047098200,36081042700,18.89
36047098400,36081042700,19.75
36047098600,36081042700,20.36
36047098800,36081042700,20.2
36047099000,36081042700,20.27
36047099200,36081042700,20.66
36047099400,36081042700,21.83
36047099600,36081042700,20.83
36047074600,36081042700,21.18
36047074800,36081042700,22.69
36047075000,36081042700,23.0
36047075200,36081042700,23.91
36047075400,36081042700,23.73
36047075600,36081042700,22.52
36047076000,36081042700,24.39
36047076200,36081042700,24.5
36047076400,36081042700,24.01
36047076600,36081042700,23.53
36047077000,36081042700,23.9
36047077200,36081042700,24.7
36047077400,36081042700,22.75
36047077600,36081042700,21.8
36047078000,36081042700,21.06
36047078200,36081042700,21.92
36047078400,36081042700,21.91
36047078600,36081042700,22.79
36047078800,36081042700,23.23
36047079000,36081042700,23.02
36047079200,36081042700,21.85
36047079400,36081042700,21.27
36047080000,36081042700,20.96
36047080200,36081042700,21.74
36047080400,36081042700,20.77
36047080600,36081042700,19.04
36047035200,36081042700,29.82
36047035300,36081042700,17.16
36047035400,36081042700,27.18
36047035500,36081042700,16.91
36047035700,36081042700,15.38
36047035900,36081042700,15.11
36047036001,36081042700,27.07
36047036002,36081042700,26.9
36047036100,36081042700,14.29
36047036200,36081042700,26.81
36047036300,36081042700,14.25
36047036400,36081042700,26.07
36047036501,36081042700,13.86
36047036502,36081042700,13.2
36047036600,36081042700,26.17
36047036700,36081042700,13.01
36047036900,36081042700,13.09
36047037000,36081042700,26.48
36047037100,36081042700,14.21
36047037300,36081042700,13.88
36047037500,36081042700,15.3
36047037700,36081042700,14.85
36047056500,36081042700,13.1
36061013100,36081042700,16.53
36061017200,36081042700,17.89
36061021500,36081042700,18.69
36061025700,36081042700,18.69
36061003700,36081042700,21.96
36061024200,36081042700,16.16
36061025900,36081042700,19.03
36061029900,36081042700,20.37
36061008601,36081042700,13.5
36061008603,36081042700,15.38
36061022700,36081042700,20.21
36061023100,36081042700,20.13
36061023801,36081042700,16.0
36061023802,36081042700,19.0
36061031703,36081042700,22.93
36061031704,36081042700,23.26
36061004400,36081042700,17.7
36061008602,36081042700,15.55
36061021303,36081042700,18.66
36047031500,36081042700,19.98
36047031701,36081042700,19.52
36047031702,36081042700,18.87
36047031900,36081042700,19.27
36047032100,36081042700,20.3
36047032300,36081042700,20.41
36047032500,36081042700,20.63
36047032600,36081042700,28.88
36047032700,36081042700,21.4
36047032800,36081042700,29.92
36047032900,36081042700,19.61
36047033000,36081042700,30.76
36047033100,36081042700,18.05
36047033300,36081042700,18.32
36047033500,36081042700,17.97
36047033600,36081042700,31.54
36047033700,36081042700,17.17
36047033900,36081042700,17.85
36047034000,36081042700,30.36
36047034100,36081042700,18.97
36047034200,36081042700,31.33
36047034300,36081042700,18.29
36047034500,36081042700,16.81
36047034700,36081042700,16.21
36047034900,36081042700,16.6
36047035000,36081042700,27.96
36047035100,36081042700,17.2
36047053400,36081042700,26.24
36047053500,36081042700,15.15
36047053700,36081042700,14.47
36047053800,36081042700,24.57
36047053900,36081042700,14.79
36047054200,36081042700,24.86
36047054300,36081042700,15.13
36047054400,36081042700,24.6
36047054500,36081042700,15.94
36047054700,36081042700,14.76
36047054800,36081042700,22.93
36047054900,36081042700,15.15
36047055000,36081042700,23.26
36047055100,36081042700,15.19
36047055200,36081042700,23.85
36047055300,36081042700,14.87
36047055400,36081042700,24.23
36047055500,36081042700,15.6
36047055600,36081042700,25.29
36047055700,36081042700,15.47
36047055800,36081042700,24.72
36047056000,36081042700,23.94
36047056200,36081042700,24.21
36047056300,36081042700,14.2
36047056400,36081042700,22.99
36047048600,36081042700,23.93
36047048800,36081042700,25.47
36047048900,36081042700,14.47
36047049000,36081042700,24.56
36047049100,36081042700,14.49
36047049200,36081042700,24.33
36047066600,36081042700,26.52
36047075800,36081042700,24.58
36047000100,36081042700,18.89
36047000200,36081042700,25.93
36047000301,36081042700,19.08
36047000700,36081042700,19.52
36047000900,36081042700,18.94
36047001100,36081042700,17.59
36047001300,36081042700,17.59
36047001800,36081042700,24.33
36047002000,36081042700,27.05
36047002100,36081042700,21.26
36047018800,36081042700,28.58
36047019000,36081042700,28.5
36047019100,36081042700,15.62
36047019200,36081042700,27.33
36047019300,36081042700,16.8
36047019400,36081042700,27.38
36047019500,36081042700,16.16
36047019600,36081042700,28.29
36047019700,36081042700,17.17
36047019800,36081042700,28.44
36047019900,36081042700,17.35
36047070000,36081042700,23.41
36047070201,36081042700,24.75
36047070202,36081042700,19.7
36047070203,36081042700,19.99
36047070600,36081042700,24.67
36081079300,36081042700,7.23
36081079900,36081042700,4.69
36081080301,36081042700,4.89
36081044400,36081042700,10.78
36081053100,36081042700,7.74
36081058200,36081042700,13.9
36081108500,36081042700,10.85
36081109300,36081042700,12.55
36081141700,36081042700,6.84
36081006201,36081042700,14.78
36081006202,36081042700,16.43
36081006501,36081042700,9.58
36081006502,36081042700,8.91
36081015801,36081042700,9.07
36081015802,36081042700,9.74
36081018101,36081042700,10.09
36081018102,36081042700,9.49
36081018501,36081042700,9.63
36081018502,36081042700,9.12
36081025301,36081042700,8.93
36081025302,36081042700,9.96
36081026902,36081042700,5.61
36081030903,36081042700,6.67
36081030904,36081042700,6.63
36081008600,36081042700,13.87
36081008700,36081042700,11.4
36081008800,36081042700,14.71
36081009100,36081042700,10.94
36081009400,36081042700,12.96
36081009500,36081042700,9.94
36081009600,36081042700,12.66
36081009700,36081042700,11.17
36081009800,36081042700,11.74
36081009900,36081042700,12.02
36081010000,36081042700,12.45
36081010100,36081042700,11.46
36081010200,36081042700,11.74
36081010300,36081042700,11.69
36081010400,36081042700,11.71
36081010500,36081042700,12.66
36081010600,36081042700,11.53
36081010701,36081042700,12.29
36081010800,36081042700,10.86
36081011000,36081042700,11.41
36081011100,36081042700,10.78
36081080302,36081042700,4.46
36081080900,36081042700,6.26
36081081400,36081042700,10.84
36081081800,36081042700,11.05
36081083700,36081042700,5.37
36081083800,36081042700,12.28
36081084000,36081042700,11.79
36081084500,36081042700,6.74
36081084601,36081042700,12.37
36081084602,36081042700,12.5
36081085300,36081042700,6.04
36081085500,36081042700,6.19
36081085700,36081042700,6.45
36081085900,36081042700,7.47
36081086100,36081042700,7.22
36081086300,36081042700,6.79
36081086400,36081042700,13.01
36081086500,36081042700,6.06
36081087100,36081042700,5.14
36081088400,36081042700,16.9
36081038302,36081042700,4.83
36081043701,36081042700,1.95
36081043702,36081042700,2.45
36081044301,36081042700,2.51
36081044302,36081042700,3.89
36081061302,36081042700,11.35
36081071303,36081042700,5.49
36081071304,36081042700,4.89
36081071305,36081042700,6.69
36081071306,36081042700,6.07
36081071701,36081042700,4.0
36081071702,36081042700,2.83
36081075701,36081042700,7.48
36081075702,36081042700,6.66
36081077906,36081042700,6.71
36081077907,36081042700,6.84
36081077908,36081042700,6.9
36081079701,36081042700,6.66
36081011200,36081042700,12.52
36081011300,36081042700,10.4
36081011400,36081042700,11.22
36081011500,36081042700,9.76
36081011600,36081042700,11.78
36081011700,36081042700,9.35
36081011800,36081042700,10.29
36081011900,36081042700,9.29
36081012000,36081042700,9.78
36081012100,36081042700,9.17
36081012200,36081042700,9.94
36081012301,36081042700,9.86
36047072000,36081042700,20.48
36047072200,36081042700,20.45
36047072400,36081042700,19.22
36047072800,36081042700,19.82
36047073000,36081042700,20.43
36047073200,36081042700,20.0
36047073400,36081042700,20.74
36047073600,36081042700,20.38
36047073800,36081042700,21.24
36047074000,36081042700,21.67
36047074200,36081042700,22.86
36047074400,36081042700,22.64
36059302800,36081042700,17.2
36059302700,36081042700,16.56
36059302600,36081042700,16.11
36059302300,36081042700,18.83
36059302200,36081042700,18.67
36059302000,36081042700,21.18
36059301900,36081042700,20.73
36059301800,36081042700,16.42
36059301700,36081042700,20.49
36059301600,36081042700,21.5
36059301500,36081042700,20.63
36059301400,36081042700,22.97
36059301300,36081042700,24.63
36059301200,36081042700,23.26
36059301102,36081042700,26.28
36059301101,36081042700,25.99
36059301000,36081042700,24.33
36059300900,36081042700,16.31
36059300800,36081042700,14.37
36059300700,36081042700,15.73
36059300600,36081042700,17.38
36059300500,36081042700,16.13
36059300400,36081042700,19.5
36059517802,36081042700,33.1
36059300300,36081042700,19.25
36059300100,36081042700,19.95
36059517701,36081042700,29.96
36059517600,36081042700,26.28
36059517500,36081042700,25.71
36059517400,36081042700,28.69
36059517302,36081042700,29.61
36059517301,36081042700,28.87
36059517200,36081042700,29.21
36059517102,36081042700,30.73
36059517101,36081042700,29.45
36059404901,36081042700,15.85
36059404800,36081042700,17.25
36059404500,36081042700,16.43
36059404400,36081042700,17.07
36059404300,36081042700,14.12
36059303101,36081042700,18.3
36059302900,36081042700,19.16
36081068300,36081042700,3.93
36081068700,36081042700,4.35
36081069300,36081042700,4.24
36081069500,36081042700,5.9
36081069701,36081042700,5.32
36081069702,36081042700,6.52
36081070300,36081042700,7.46
36081070700,36081042700,8.9
36081070900,36081042700,8.25
36081071100,36081042700,6.53
36081071600,36081042700,14.54
36081071900,36081042700,2.74
36081072100,36081042700,4.26
36081072900,36081042700,9.3
36081073100,36081042700,8.81
36081019400,36081042700,9.86
36081019900,36081042700,9.3
36081020500,36081042700,10.01
36081026901,36081042700,4.88
36081042400,36081042700,14.25
36081067100,36081042700,7.23
36081074900,36081042700,8.83
36081079702,36081042700,5.19
36081127700,36081042700,10.21
36081990100,36081042700,28.81
36081025400,36081042700,11.25
36081030600,36081042700,12.84
36081035700,36081042700,5.94
36081073700,36081042700,7.03
36081073900,36081042700,5.06
36081074100,36081042700,4.69
36081074300,36081042700,2.72
36081074500,36081042700,1.87
36081074700,36081042700,3.48
36081076902,36081042700,8.88
36081077300,36081042700,7.72
36081088901,36081042700,7.22
36081062100,36081042700,10.12
36081077500,36081042700,8.43
36081077902,36081042700,6.38
36081077903,36081042700,6.55
36081077904,36081042700,7.56
36081077905,36081042700,8.38
36081078800,36081042700,11.41
36081079000,36081042700,10.51
36081079200,36081042700,11.24
36081060000,36081042700,16.46
36081060100,36081042700,7.9
36081060300,36081042700,9.03
36081060600,36081042700,16.07
36081060701,36081042700,12.09
36081060800,36081042700,14.99
36103112211,36081042700,45.93
36103112212,36081042700,41.13
36103112213,36081042700,45.28
36103134906,36081042700,57.99
36103135401,36081042700,60.77
36103135402,36081042700,59.39
36103135002,36081042700,60.93
36103134904,36081042700,56.89
36103158712,36081042700,66.4
36103158711,36081042700,65.34
36103158710,36081042700,80.17
36103158709,36081042700,74.98
36103158708,36081042700,76.18
36103158707,36081042700,70.94
36103111503,36081042700,46.8
36103111704,36081042700,52.34
36103111504,36081042700,47.54
36103135104,36081042700,56.91
36103135204,36081042700,53.34
36103135303,36081042700,56.74
36103122300,36081042700,39.74
36103201100,36081042700,49.46
36103158705,36081042700,76.26
36103158704,36081042700,69.56
36103158609,36081042700,59.29
36103158608,36081042700,57.29
36103158607,36081042700,62.84
36103158606,36081042700,63.17
36103158605,36081042700,63.64
36103158604,36081042700,59.92
36103158512,36081042700,64.08
36103111506,36081042700,48.04
36103111801,36081042700,47.03
36103111505,36081042700,45.35
36103158511,36081042700,65.41
36103158510,36081042700,67.23
36103158509,36081042700,68.03
36103158508,36081042700,64.21
36103158507,36081042700,66.28
36103158505,36081042700,62.91
36103158502,36081042700,60.67
36103158403,36081042700,76.82
36103112204,36081042700,40.41
36103169800,36081042700,90.09
36103159412,36081042700,80.26
36103190401,36081042700,90.64
36059520502,36081042700,37.06
36059409400,36081042700,32.77
36059521000,36081042700,33.34
36059409300,36081042700,32.81
36059409500,36081042700,32.95
36059415500,36081042700,33.68
36059520900,36081042700,32.98
36059414800,36081042700,29.48
36059414900,36081042700,29.49
36059409600,36081042700,31.72
36059409700,36081042700,30.9
36059520800,36081042700,34.13
36059520700,36081042700,34.17
36059520600,36081042700,35.99
36103123201,36081042700,36.09
36059521500,36081042700,36.4
36059415700,36081042700,32.57
36059522700,36081042700,34.4
36059415202,36081042700,32.15
36059416000,36081042700,33.5
36059415401,36081042700,30.62
36059415600,36081042700,31.73
36059415201,36081042700,29.24
36059521100,36081042700,34.14
36059415402,36081042700,32.8
36059522000,36081042700,35.98
36059521601,36081042700,35.45
36059415101,36081042700,27.62
36059521801,36081042700,38.45
36059521200,36081042700,33.7
36059521700,36081042700,35.71
36059521602,36081042700,37.34
36059521301,36081042700,33.83
36059415802,36081042700,33.43
36059415300,36081042700,30.6
36059521802,36081042700,37.12
36103147100,36081042700,47.07
36103147200,36081042700,46.88
36103147300,36081042700,48.16
36103147003,36081042700,48.48
36103123500,36081042700,37.51
36103124300,36081042700,41.65
36103124500,36081042700,44.16
36103123701,36081042700,38.46
36081061000,36081042700,14.57
36081044602,36081042700,8.99
36081044800,36081042700,9.38
36081045000,36081042700,8.46
36081045200,36081042700,9.7
36081045400,36081042700,10.05
36081045500,36081042700,3.32
36081045700,36081042700,4.96
36081045800,36081042700,10.63
36081045900,36081042700,4.61
36081046000,36081042700,9.78
36081046100,36081042700,4.65
36081046200,36081042700,10.64
36081046300,36081042700,4.54
36081046400,36081042700,10.5
36081046500,36081042700,3.66
36081046600,36081042700,10.66
36081046700,36081042700,4.64
36081046800,36081042700,11.25
36081061200,36081042700,15.35
36081157102,36081042700,13.32
36081157901,36081042700,17.1
36081157902,36081042700,15.88
36081064102,36081042700,9.88
36081064500,36081042700,8.7
36081065501,36081042700,9.14
36081065702,36081042700,9.27
36081065900,36081042700,8.51
36081066100,36081042700,9.14
36081066300,36081042700,7.15
36081126700,36081042700,9.29
36081066501,36081042700,7.58
36081066701,36081042700,6.88
36081066900,36081042700,7.61
36081067700,36081042700,7.02
36081067900,36081042700,6.2
36081157903,36081042700,15.79
36081161700,36081042700,14.82
36081162100,36081042700,12.88
36081076901,36081042700,7.94
36081107202,36081042700,20.17
36081012500,36081042700,9.19
36081029400,36081042700,12.29
36081061301,36081042700,10.05
36081065703,36081042700,8.24
36081072300,36081042700,7.84
36081084900,36081042700,5.12
36081086900,36081042700,6.26
36081003300,36081042700,12.89
36081008500,36081042700,12.04
36005015100,36081042700,18.6
36005024800,36081042700,17.62
36005023301,36081042700,19.63
36005019400,36081042700,15.22
36005005001,36081042700,17.74
36005005002,36081042700,16.97
36005005300,36081042700,21.01
36005023000,36081042700,17.64
36005013200,36081042700,16.13
36005007900,36081042700,18.39
36005008900,36081042700,17.62
36005021601,36081042700,16.54
36005003800,36081042700,16.21
36005025000,36081042700,16.9
36005025300,36081042700,20.76
36005017300,36081042700,20.1
36005006500,36081042700,18.93
36005018900,36081042700,19.38
36005004300,36081042700,17.83
36103122802,36081042700,42.49
36103146102,36081042700,49.73
36103146402,36081042700,52.66
36103145808,36081042700,57.62
36103146604,36081042700,60.57
36103146605,36081042700,58.72
36103122404,36081042700,38.87
36103122502,36081042700,41.13
36103122403,36081042700,42.23
36103122405,36081042700,43.58
36103122406,36081042700,41.34
36103122501,36081042700,42.41
36103135003,36081042700,62.24
36103135403,36081042700,60.53
36103134903,36081042700,59.32
36103135101,36081042700,51.14
36103135102,36081042700,50.56
36103135103,36081042700,53.93
36103135201,36081042700,51.26
36103112214,36081042700,37.66
36103111802,36081042700,51.89
36103111803,36081042700,50.04
36103111804,36081042700,48.42
36103135205,36081042700,49.44
36103135301,36081042700,55.14
36103135304,36081042700,56.91
36103158803,36081042700,66.77
36103112103,36081042700,49.26
36103112102,36081042700,43.62
36103112104,36081042700,44.61
36103112210,36081042700,47.09
36081061900,36081042700,9.86
36081062300,36081042700,10.8
36081062400,36081042700,17.1
36081062500,36081042700,10.9
36081062600,36081042700,16.06
36081062700,36081042700,12.05
36081001800,36081042700,12.2
36081119500,36081042700,9.67
36081119900,36081042700,8.27
36081120100,36081042700,7.84
36081120300,36081042700,6.31
36081120500,36081042700,6.73
36081120700,36081042700,7.49
36081121100,36081042700,7.25
36081121500,36081042700,5.55
36081122300,36081042700,7.35
36081122701,36081042700,7.34
36081122702,36081042700,6.31
36081124100,36081042700,8.65
36081124700,36081042700,8.71
36081125700,36081042700,7.89
36081126500,36081042700,8.87
36081155101,36081042700,16.67
36081128300,36081042700,9.5
36081129102,36081042700,10.78
36081001900,36081042700,11.33
36081002000,36081042700,11.95
36081002200,36081042700,11.57
36081002400,36081042700,11.1
36081002500,36081042700,12.67
36081002600,36081042700,10.93
36081002800,36081042700,11.46
36081003000,36081042700,12.03
36081003100,36081042700,12.54
36081003200,36081042700,11.35
36081003400,36081042700,13.13
36081003600,36081042700,13.4
36081003700,36081042700,12.07
36081003800,36081042700,12.08
36081003900,36081042700,12.42
36081004001,36081042700,12.78
36081004002,36081042700,13.01
36081004200,36081042700,14.02
36081004300,36081042700,11.6
36081004401,36081042700,14.35
36081004500,36081042700,12.11
36081004700,36081042700,11.68
36081130100,36081042700,11.74
36081133300,36081042700,9.3
36081133900,36081042700,8.76
36081134100,36081042700,8.14
36081134700,36081042700,8.62
36081136700,36081042700,9.77
36081137700,36081042700,11.39
36081138501,36081042700,9.88
36081138502,36081042700,10.93
36081139900,36081042700,8.96
36081140300,36081042700,8.49
36081140901,36081042700,7.98
36081140902,36081042700,7.61
36081142900,36081042700,8.9
36081143500,36081042700,9.62
36081144100,36081042700,10.57
36081144700,36081042700,10.46
36081005000,36081042700,14.38
36081005100,36081042700,12.33
36081005200,36081042700,13.34
36081005300,36081042700,11.58
36081005400,36081042700,13.89
36081005500,36081042700,12.02
36081005700,36081042700,11.17
36081005800,36081042700,14.75
36081005900,36081042700,11.42
36081006100,36081042700,11.1
36081006300,36081042700,10.75
36081006900,36081042700,9.44
36081007100,36081042700,10.79
36081007300,36081042700,10.91
36081007500,36081042700,11.51
36081007700,36081042700,11.01
36081007900,36081042700,10.65
36081008100,36081042700,11.37
36081008300,36081042700,10.44
36081063700,36081042700,10.16
36081063900,36081042700,9.53
36081064101,36081042700,11.77
36081145101,36081042700,9.18
36081145102,36081042700,8.83
36081145900,36081042700,8.31
36081146300,36081042700,10.02
36081146700,36081042700,10.99
36081147100,36081042700,10.86
36081147900,36081042700,13.38
36081148300,36081042700,14.66
36081150701,36081042700,12.06
36081150702,36081042700,13.22
36081152901,36081042700,11.51
36081152902,36081042700,13.43
36081156700,36081042700,14.19
36081157101,36081042700,14.12
36081062900,36081042700,11.07
36081063301,36081042700,10.77
36081063302,36081042700,10.33
36081063500,36081042700,10.24
36081098700,36081042700,11.25
36081099100,36081042700,11.57
36081046900,36081042700,4.77
36081017200,36081042700,9.82
36081017400,36081042700,9.76
36081017600,36081042700,10.1
36081017800,36081042700,10.72
36081017900,36081042700,9.76
36081018000,36081042700,10.21
36081018200,36081042700,10.37
36081018300,36081042700,9.58
36081018401,36081042700,10.74
36081018402,36081042700,11.85
36081018600,36081042700,10.53
36081018700,36081042700,9.92
36081018800,36081042700,10.2
36081018900,36081042700,9.7
36081019000,36081042700,10.98
36081019200,36081042700,9.57
36081019600,36081042700,10.38
36081019800,36081042700,9.6
36081020200,36081042700,8.57
36081020400,36081042700,8.89
36081020600,36081042700,8.37
36081099701,36081042700,12.38
36081099900,36081042700,13.28
36081101700,36081042700,11.58
36081102900,36081042700,10.31
36081155102,36081042700,16.18
36081103300,36081042700,9.81
36081103900,36081042700,8.49
36081104700,36081042700,9.03
36081105900,36081042700,10.35
36081109700,36081042700,11.27
36081109900,36081042700,10.9
36081020800,36081042700,8.91
36081021200,36081042700,7.91
36081021400,36081042700,7.89
36081021600,36081042700,9.1
36081021900,36081042700,8.27
36081022001,36081042700,8.14
36081022002,36081042700,7.65
36081022900,36081042700,9.49
36081023000,36081042700,8.47
36081023200,36081042700,9.63
36081023500,36081042700,9.67
36081023600,36081042700,8.14
36081023800,36081042700,8.3
36081024000,36081042700,9.4
36081024300,36081042700,8.57
36081024500,36081042700,9.14
36081024600,36081042700,9.77
36081024700,36081042700,7.45
36081111300,36081042700,12.96
36081112300,36081042700,11.88
36081112900,36081042700,11.07
36081113300,36081042700,10.76
36081113900,36081042700,9.31
36081114100,36081042700,10.5
36081114700,36081042700,10.09
36081115100,36081042700,9.26
36081115500,36081042700,8.29
36081115700,36081042700,7.51
36081115900,36081042700,7.41
36081116100,36081042700,7.06
36081116300,36081042700,7.18
36081116700,36081042700,7.98
36081117100,36081042700,8.27
36081117500,36081042700,9.72
36081118100,36081042700,9.4
36081118500,36081042700,9.32
36081118700,36081042700,8.55
36081118900,36081042700,8.23
36081119100,36081042700,9.16
36081119300,36081042700,9.7
36081024900,36081042700,8.01
36081025100,36081042700,7.67
36081025500,36081042700,8.53
36081025700,36081042700,8.62
36081025800,36081042700,11.56
36081025900,36081042700,8.22
36081026000,36081042700,10.87
36081026100,36081042700,7.27
36081026200,36081042700,11.5
36081026300,36081042700,6.51
36081045600,36081042700,10.12
36081000200,36081042700,12.6
36081000700,36081042700,11.52
36081000600,36081042700,12.98
36081000100,36081042700,11.73
36081000400,36081042700,12.82
36081000800,36081042700,12.98
36081001000,36081042700,13.44
36081001200,36081042700,12.12
36081001400,36081042700,11.99
36081001600,36081042700,12.87
36005011800,36081042700,16.43
36005006800,36081042700,16.04
36005020502,36081042700,21.71
36005021001,36081042700,16.97
36005021002,36081042700,17.35
36005022101,36081042700,19.44
36005022102,36081042700,19.05
36005022403,36081042700,18.57
36005023703,36081042700,20.83
36005024501,36081042700,20.58
36005024502,36081042700,20.52
36005026701,36081042700,23.3
36005027401,36081042700,16.39
36005027402,36081042700,17.54
36005033201,36081042700,19.13
36005033202,36081042700,19.56
36005038301,36081042700,20.07
36005038302,36081042700,19.92
36005040303,36081042700,22.21
36005040501,36081042700,21.99
36005040502,36081042700,21.33
36005020000,36081042700,15.36
36005021700,36081042700,19.42
36005023702,36081042700,21.17
36005032600,36081042700,18.27
36005034800,36081042700,19.63
36005036000,36081042700,17.81
36005039500,36081042700,18.5
36005040302,36081042700,21.77
36059406201,36081042700,23.72
36059406202,36081042700,23.29
36059407301,36081042700,29.81
36059407402,36081042700,29.19
36059303800,36081042700,24.7
36059304001,36081042700,25.74
36059404600,36081042700,16.58
36059303900,36081042700,24.83
36059303700,36081042700,24.15
36059303600,36081042700,22.12
36059303500,36081042700,21.18
36059303400,36081042700,21.94
36059304100,36081042700,25.92
36059407401,36081042700,27.74
36059407600,36081042700,29.95
36059411200,36081042700,18.38
36059410200,36081042700,22.32
36059406600,36081042700,25.25
36059303302,36081042700,21.02
36059303301,36081042700,21.18
36059303202,36081042700,19.3
36059303201,36081042700,20.53
36059304002,36081042700,25.83
36059411400,36081042700,20.62
36059406900,36081042700,26.24
36059410600,36081042700,20.06
36059519601,36081042700,32.59
36059519500,36081042700,31.7
36059518800,36081042700,32.57
36059518700,36081042700,30.49
36059518600,36081042700,29.65
36081068000,36081042700,15.37
36081068200,36081042700,14.35
36081069000,36081042700,15.05
36081069400,36081042700,16.34
36081062200,36081042700,16.75
36081095400,36081042700,25.57
36081099802,36081042700,21.71
36081093401,36081042700,26.96
36081092200,36081042700,29.47
36081092800,36081042700,28.84
36081093800,36081042700,25.41
36081094201,36081042700,23.42
36081094202,36081042700,24.27
36081094203,36081042700,25.61
36081093402,36081042700,26.26
36081097203,36081042700,24.18
36081097204,36081042700,24.4
36081099801,36081042700,21.88
36081100801,36081042700,21.59
36081100802,36081042700,21.06
36081096400,36081042700,25.39
36081066400,36081042700,18.52
36081061400,36081042700,16.09
36081061601,36081042700,17.14
36081061602,36081042700,17.21
36103122704,36081042700,43.91
36103122705,36081042700,45.07
36103122706,36081042700,45.81
36103122707,36081042700,47.04
36103122801,36081042700,43.85
36103146615,36081042700,64.78
36103146611,36081042700,65.88
36103146103,36081042700,50.0
36103146205,36081042700,50.94
36103146206,36081042700,49.08
36103145902,36081042700,48.28
36103146002,36081042700,47.34
36103135209,36081042700,51.77
36103146106,36081042700,52.38
36103122603,36081042700,42.57
36005011900,36081042700,17.92
36005008400,36081042700,15.96
36005008700,36081042700,18.06
36005013500,36081042700,20.26
36005020601,36081042700,15.53
36005022401,36081042700,18.87
36005023100,36081042700,18.92
36005024700,36081042700,20.97
36005003900,36081042700,17.67
36005020200,36081042700,15.07
36005023302,36081042700,19.48
36005007100,36081042700,19.02
36005039100,36081042700,19.81
36005007500,36081042700,19.43
36005021302,36081042700,20.09
36005006900,36081042700,20.79
36005012101,36081042700,17.83
36005021900,36081042700,18.89
36005007300,36081042700,18.73
36005012701,36081042700,18.02
36005015700,36081042700,17.71
36005036100,36081042700,17.23
36005030200,36081042700,18.7
36005016700,36081042700,17.98
36005035900,36081042700,17.33
36005017500,36081042700,21.2
36005021602,36081042700,16.56
36005026400,36081042700,14.93
36005022300,36081042700,19.14
36005021200,36081042700,16.85
36005026300,36081042700,21.98
36005039901,36081042700,21.76
36005014500,36081042700,19.91
36005018400,36081042700,15.12
36005019300,36081042700,19.88
36005025400,36081042700,16.37
36005016200,36081042700,14.52
36005002702,36081042700,16.6
36005022901,36081042700,19.46
36005025500,36081042700,21.25
36005038500,36081042700,20.13
36005032400,36081042700,18.27
36005019900,36081042700,20.28
36005000200,36081042700,17.94
36005020100,36081042700,21.06
36005028400,36081042700,16.0
36005004001,36081042700,16.31
36005035000,36081042700,18.79
36005024400,36081042700,17.43
36005008600,36081042700,16.57
36005024300,36081042700,20.18
36005036502,36081042700,18.18
36005022902,36081042700,18.79
36005007200,36081042700,15.11
36005024000,36081042700,17.5
36005037100,36081042700,18.39
36005038100,36081042700,19.36
36005025100,36081042700,20.82
36005039300,36081042700,19.05
36005005600,36081042700,17.0
36005016900,36081042700,18.28
36005036901,36081042700,18.13
36005039700,36081042700,20.28
36005022702,36081042700,18.33
36005040701,36081042700,21.96
36005026601,36081042700,14.57
36005007000,36081042700,15.74
36005028600,36081042700,16.07
36005005200,36081042700,17.41
36005031800,36081042700,18.44
36005023704,36081042700,20.53
36005040304,36081042700,21.47
36005020400,36081042700,15.95
36005017100,36081042700,19.92
36005004400,36081042700,16.24
36005023501,36081042700,19.3
36005002800,36081042700,16.71
36005002701,36081042700,16.08
36005002300,36081042700,16.89
36005015500,36081042700,16.97
36005036902,36081042700,18.36
36005024900,36081042700,21.95
36005003700,36081042700,17.93
36005004600,36081042700,15.97
36005016400,36081042700,14.44
36005025700,36081042700,22.11
36005026100,36081042700,23.59
36005012901,36081042700,19.53
36005015200,36081042700,13.94
36005014701,36081042700,20.18
36005014702,36081042700,19.43
36005017701,36081042700,20.45
36005017702,36081042700,20.98
36005017901,36081042700,20.2
36005017902,36081042700,19.76
36005018101,36081042700,20.61
36005018102,36081042700,20.49
36005018301,36081042700,21.05
36005018302,36081042700,19.87
36005020501,36081042700,20.96
36005000100,36081042700,21.26
36005034200,36081042700,19.28
36005011000,36081042700,15.19
36005024100,36081042700,19.51
36005009800,36081042700,14.6
36005004100,36081042700,18.18
36005021800,36081042700,16.94
36005022500,36081042700,19.57
36005041500,36081042700,21.56
36005003100,36081042700,17.19
36005003500,36081042700,17.65
36005008500,36081042700,18.82
36005012102,36081042700,17.47
36005021100,36081042700,20.3
36005023200,36081042700,18.03
36005022404,36081042700,18.15
36005000400,36081042700,18.4
36005026602,36081042700,15.56
36005002000,36081042700,16.77
36005003300,36081042700,17.02
36005014300,36081042700,20.39
36005022701,36081042700,18.68
36005038900,36081042700,20.16
36005013800,36081042700,16.09
36005002400,36081042700,17.05
36005007400,36081042700,16.55
36005040100,36081042700,21.38
36005001600,36081042700,16.18
36005016300,36081042700,18.32
36005008300,36081042700,17.8
36005023900,36081042700,20.2
36005039902,36081042700,21.21
36005034400,36081042700,19.27
36005023600,36081042700,16.84
36005026500,36081042700,21.63
36005024600,36081042700,18.28
36005021301,36081042700,19.98
36005021502,36081042700,20.08
36005005902,36081042700,19.7
36005025200,36081042700,17.38
36005040702,36081042700,21.34
36005038700,36081042700,20.13
36005033600,36081042700,20.15
36005025600,36081042700,16.69
36005029600,36081042700,15.57
36005035600,36081042700,18.12
36005031000,36081042700,16.52
36005006700,36081042700,19.95
36005028800,36081042700,16.79
36005033000,36081042700,19.23
36005031600,36081042700,18.14
36005027600,36081042700,15.95
36005033800,36081042700,19.77
36005031400,36081042700,17.23
36005031200,36081042700,17.2
36005026900,36081042700,23.35
36005022703,36081042700,19.03
36005037000,36081042700,19.99
36005015800,36081042700,14.58
36005032800,36081042700,18.65
36005034000,36081042700,19.21
36005007700,36081042700,19.75
36005006000,36081042700,15.96
36005013300,36081042700,18.71
36005022000,36081042700,16.86
36005015300,36081042700,18.83
36005022800,36081042700,18.77
36005019500,36081042700,19.38
36005007800,36081042700,14.62
36005006100,36081042700,20.85
36005021501,36081042700,21.06
36005023502,36081042700,19.64
36005011502,36081042700,17.29
36005016100,36081042700,16.73
36005016000,36081042700,15.18
36005037300,36081042700,18.9
36005009200,36081042700,16.02
36005004800,36081042700,16.52
36005002500,36081042700,16.44
36005051600,36081042700,21.67
36005037900,36081042700,19.39
36005016600,36081042700,13.61
36005012500,36081042700,18.57
36005016500,36081042700,17.61
36005042500,36081042700,20.99
36005012300,36081042700,18.21
36005005400,36081042700,16.8
36005006200,36081042700,16.92
36005013100,36081042700,19.17
36005006400,36081042700,16.04
36005013000,36081042700,15.07
36005036300,36081042700,17.4
36005030000,36081042700,16.13
36005014100,36081042700,20.19
36005014900,36081042700,19.38
36005019700,36081042700,20.05
36005036400,36081042700,19.06
36005036700,36081042700,18.46
36005036501,36081042700,17.92
36005014400,36081042700,14.98
36005001900,36081042700,17.67
36005004200,36081042700,15.41
36005005100,36081042700,18.51
36005006300,36081042700,19.02
36005007600,36081042700,15.79
36005009000,36081042700,15.69
36005009300,36081042700,18.73
36005009600,36081042700,14.12
36005011700,36081042700,17.95
36005015900,36081042700,17.73
36005018500,36081042700,20.18
36005020900,36081042700,18.9
36005022200,36081042700,15.37
36005023800,36081042700,17.6
36005037504,36081042700,18.64
36059302101,36081042700,23.17
36059404902,36081042700,16.2
36059303102,36081042700,19.44
36059303000,36081042700,17.72
36059302502,36081042700,21.56
36059302501,36081042700,20.95
36059302400,36081042700,19.19
36059302102,36081042700,20.74
36059411302,36081042700,19.58
36059407302,36081042700,28.49
36059407101,36081042700,24.3
36059411000,36081042700,17.77
36059407501,36081042700,26.08
36059518502,36081042700,28.28
36059518501,36081042700,28.23
36059518400,36081042700,33.16
36059518300,36081042700,32.13
36059518204,36081042700,33.37
36059412800,36081042700,25.44
36059407102,36081042700,25.37
36059411902,36081042700,20.41
36059518203,36081042700,35.17
36059518100,36081042700,32.42
36059518000,36081042700,33.03
36059411100,36081042700,18.23
36059412500,36081042700,23.37
36059407204,36081042700,26.37
36059407203,36081042700,26.16
36059980100,36081042700,22.83
36059981100,36081042700,26.82
36059982100,36081042700,31.44
36059411301,36081042700,19.94
36059408000,36081042700,30.12
36059407900,36081042700,29.31
36059304203,36081042700,28.3
36059304204,36081042700,27.62
36059406701,36081042700,23.03
36059406702,36081042700,24.21
36059406802,36081042700,25.25
36059406801,36081042700,24.57
36059411800,36081042700,21.17
36059519300,36081042700,29.76
36059411901,36081042700,20.32
36059412000,36081042700,21.11
36059517705,36081042700,29.52
36059411600,36081042700,19.24
36059407700,36081042700,31.07
36059518900,36081042700,29.9
36059410900,36081042700,20.11
36059410700,36081042700,18.94
36059410300,36081042700,19.49
36059410800,36081042700,18.68
36059519000,36081042700,29.59
36059410100,36081042700,21.69
36059410000,36081042700,19.4
36059409900,36081042700,18.76
36059409800,36081042700,17.81
36059407201,36081042700,25.32
36059406400,36081042700,21.88
36059406300,36081042700,19.29
36059406100,36081042700,22.59
36059406002,36081042700,23.38
36059411500,36081042700,23.82
36059407000,36081042700,23.72
36059410400,36081042700,18.02
36059411700,36081042700,21.25
36059406001,36081042700,22.15
36059405900,36081042700,21.14
36059405800,36081042700,20.88
36059405700,36081042700,21.48
36059405600,36081042700,21.77
36059405500,36081042700,20.51
36059405400,36081042700,20.32
36059405302,36081042700,19.67
36059407801,36081042700,30.96
36059406501,36081042700,24.08
36059410500,36081042700,20.26
36059405301,36081042700,18.14
36059405200,36081042700,18.82
36059405100,36081042700,19.69
36059405000,36081042700,17.04
36059404700,36081042700,17.71
36059304202,36081042700,27.85
36059412600,36081042700,24.62
36059412400,36081042700,22.74
36081061800,36081042700,16.13
36103158006,36081042700,62.92
36103134907,36081042700,58.27
36103158011,36081042700,66.9
36103135005,36081042700,63.49
36103134702,36081042700,54.75
36103134902,36081042700,58.05
36103111601,36081042700,50.07
36103111602,36081042700,52.35
36103111701,36081042700,49.34
36103111703,36081042700,51.47
36103158401,36081042700,79.29
36103158320,36081042700,74.44
36103158319,36081042700,72.69
36103158315,36081042700,74.82
36103158308,36081042700,69.4
36103158306,36081042700,71.37
36103158115,36081042700,68.58
36103158114,36081042700,68.12
36103158009,36081042700,65.44
36103158323,36081042700,73.09
36103169703,36081042700,94.94
36103158410,36081042700,85.08
36103158322,36081042700,71.94
36103158405,36081042700,81.74
36103158402,36081042700,80.38
36103169701,36081042700,86.03
36103169704,36081042700,94.49
36103169901,36081042700,94.19
36059520300,36081042700,34.04
36059520402,36081042700,36.71
36059520401,36081042700,36.43
36059520100,36081042700,36.86
36059520200,36081042700,35.03
36059409200,36081042700,33.31
36059409000,36081042700,34.02
36059520002,36081042700,34.75
36059520501,36081042700,35.03
36103158321,36081042700,69.36
36103112001,36081042700,40.19
36103112002,36081042700,41.75
36103158310,36081042700,76.04
36103158309,36081042700,73.86
36103145803,36081042700,56.4
36103145804,36081042700,55.47
36103146203,36081042700,52.39
36103146300,36081042700,51.72
36103158506,36081042700,62.02
36103158107,36081042700,62.22
36103159410,36081042700,81.55
36103158116,36081042700,69.09
36103145903,36081042700,46.93
36103146003,36081042700,47.82
36103145901,36081042700,47.55
36103159108,36081042700,68.94
36103159107,36081042700,66.25
36103158112,36081042700,68.15
36103158111,36081042700,68.71
36103158110,36081042700,67.82
36103158108,36081042700,64.92
36103158104,36081042700,67.13
36103158103,36081042700,65.36
36103146703,36081042700,44.84
36103146606,36081042700,57.36
36103146607,36081042700,57.66
36103145602,36081042700,50.9
36103145603,36081042700,49.47
36103145604,36081042700,50.16
36103145605,36081042700,50.33
36103145702,36081042700,51.52
36103146001,36081042700,49.08
36103135208,36081042700,51.39
36103158102,36081042700,70.02
36103146105,36081042700,53.64
36103146201,36081042700,51.8
36103146204,36081042700,50.57
36103145703,36081042700,52.29
36103145704,36081042700,53.79
36103146202,36081042700,50.87
36103146403,36081042700,54.08
36103146404,36081042700,55.6
36103158409,36081042700,81.44
36103145701,36081042700,52.98
36103145807,36081042700,56.91
36103145805,36081042700,57.87
36103146612,36081042700,62.81
36103146613,36081042700,62.94
36103146614,36081042700,61.92
36103122601,36081042700,44.38
36103122602,36081042700,43.99
36081062000,36081042700,17.38
36081103201,36081042700,19.44
36081063000,36081042700,17.33
36081063200,36081042700,16.88
36081099200,36081042700,22.25
36081101001,36081042700,21.45
36081103202,36081042700,20.15
36081107201,36081042700,20.88
36081063800,36081042700,16.46
36081064600,36081042700,15.83
36081065000,36081042700,15.2
36081065400,36081042700,15.84
36081065600,36081042700,16.25
36081066000,36081042700,17.48
36081097202,36081042700,24.4
36103110102,36081042700,40.97
36103110200,36081042700,44.36
36103111900,36081042700,37.23
36103110901,36081042700,42.82
36103111001,36081042700,44.02
36103111300,36081042700,44.12
36103110902,36081042700,42.09
36059407502,36081042700,27.07
36059414202,36081042700,27.29
36059412900,36081042700,25.39
36059408700,36081042700,34.3
36059416401,36081042700,23.93
36059416402,36081042700,26.21
36059416801,36081042700,30.57
36059408800,36081042700,35.36
36059413700,36081042700,26.32
36059519100,36081042700,32.37
36059519200,36081042700,32.8
36059990400,36081042700,36.33
36059414303,36081042700,26.92
36059414304,36081042700,27.23
36059408600,36081042700,33.1
36059408900,36081042700,32.72
36059412200,36081042700,23.27
36059416201,36081042700,29.72
36059413600,36081042700,24.6
36059416202,36081042700,29.03
36059413400,36081042700,29.0
36059413803,36081042700,28.1
36059416600,36081042700,27.36
36059416300,36081042700,21.55
36059413500,36081042700,26.03
36059414002,36081042700,27.61
36059416701,36081042700,29.31
36059519900,36081042700,33.99
36059408400,36081042700,26.89
36059414501,36081042700,29.43
36059413300,36081042700,24.8
36059520001,36081042700,35.78
36059412100,36081042700,21.31
36059412301,36081042700,21.83
36059416900,36081042700,33.18
36059413100,36081042700,24.57
36059519702,36081042700,34.21
36059519704,36081042700,34.12
36059413002,36081042700,23.85
36059416500,36081042700,27.79
36059414100,36081042700,27.39
36059415000,36081042700,29.8
36059408100,36081042700,30.36
36059413200,36081042700,25.69
36059416702,36081042700,29.69
36059519602,36081042700,33.7
36059414700,36081042700,29.07
36059414001,36081042700,27.38
36059408200,36081042700,31.46
36059408500,36081042700,28.22
36059408300,36081042700,31.64
36059519801,36081042700,33.0
36059414600,36081042700,28.5
36059414201,36081042700,26.18
36059413804,36081042700,28.1
36059409100,36081042700,31.83
36059414301,36081042700,25.77
36059413900,36081042700,26.27
36059414400,36081042700,26.77
36059407802,36081042700,32.73
36059413001,36081042700,24.19
36059412302,36081042700,23.05
36059412700,36081042700,23.94
36059519703,36081042700,34.33
36059519400,36081042700,31.52
36081101002,36081042700,21.25
36059519802,36081042700,35.53
36103112206,36081042700,35.98
36103111002,36081042700,42.06
36103111100,36081042700,39.89
36103111201,36081042700,41.24
36103111202,36081042700,40.87
36103110502,36081042700,46.67
36103111401,36081042700,43.58
36103111402,36081042700,41.78
34017032400,36081042700,23.84
34017010100,36081042700,31.92
34017010200,36081042700,32.79
34017010300,36081042700,33.29
34017010400,36081042700,34.58
34017010500,36081042700,33.9
34017010600,36081042700,36.04
34017010700,36081042700,35.46
34017010800,36081042700,36.0
34017010900,36081042700,36.15
34017011000,36081042700,36.43
34017011100,36081042700,36.96
34017011200,36081042700,38.23
34017011300,36081042700,37.4
34017011400,36081042700,37.33
34017011500,36081042700,37.38
34017011600,36081042700,38.48
34017002000,36081042700,25.6
34017002200,36081042700,27.32
34017002300,36081042700,27.13
34017002400,36081042700,27.43
34017002700,36081042700,26.79
34017002800,36081042700,26.78
34017002900,36081042700,26.92
34017003000,36081042700,27.06
34017003100,36081042700,26.85
34017003500,36081042700,27.77
34017004000,36081042700,27.31
34017004101,36081042700,27.18
34017004102,36081042700,27.99
34017004200,36081042700,27.84
34017004300,36081042700,28.48
34017004400,36081042700,29.21
34017004500,36081042700,29.15
34017004600,36081042700,28.95
34017004700,36081042700,29.43
34017004800,36081042700,27.87
34017004900,36081042700,29.12
34017005200,36081042700,29.77
34017005300,36081042700,30.05
34017005400,36081042700,29.02
34017005500,36081042700,31.02
34017005600,36081042700,30.0
34017005801,36081042700,30.92
34017005802,36081042700,34.52
34017005900,36081042700,29.45
34017006000,36081042700,30.93
34017006100,36081042700,30.33
34017006200,36081042700,30.2
34017006300,36081042700,31.82
34017013400,36081042700,31.13
34017013500,36081042700,30.31
34017013600,36081042700,30.37
34017013700,36081042700,31.77
34017014200,36081042700,24.85
34017014300,36081042700,25.01
34017015100,36081042700,24.97
34017013800,36081042700,31.2
34017013900,36081042700,30.55
34017018400,36081042700,20.08
34017018500,36081042700,21.37
34017018600,36081042700,21.77
34017018800,36081042700,22.71
34017018900,36081042700,22.62
34017019000,36081042700,23.67
34017019100,36081042700,23.25
34017019200,36081042700,23.78
34017019300,36081042700,23.8
34017019400,36081042700,24.07
34017000100,36081042700,22.96
34017000200,36081042700,23.46
34017000300,36081042700,22.64
34017000400,36081042700,24.38
34017000500,36081042700,24.7
34017000700,36081042700,24.37
34017000800,36081042700,23.37
34017000902,36081042700,24.96
34017001000,36081042700,24.04
34017001100,36081042700,25.05
34017001201,36081042700,25.4
34017001202,36081042700,25.91
34017001300,36081042700,24.25
34017001400,36081042700,25.11
34017001800,36081042700,25.48
34017001900,36081042700,25.77
34035052904,36081042700,73.75
34035054300,36081042700,64.89
34035053403,36081042700,70.71
34035053603,36081042700,78.52
34035053905,36081042700,80.75
34035054202,36081042700,91.74
34035054201,36081042700,84.8
34035050704,36081042700,75.77
34035053707,36081042700,85.09
34035052204,36081042700,66.81
34035053904,36081042700,86.38
34035053404,36081042700,71.71
34035053604,36081042700,79.5
34029720001,36081042700,115.42
34029980000,36081042700,128.26
34029990000,36081042700,131.21
34029722002,36081042700,98.39
34029724000,36081042700,103.79
34029728000,36081042700,112.49
34029731002,36081042700,111.61
34029731103,36081042700,111.1
34029731101,36081042700,109.73
34029731204,36081042700,109.77
34029731205,36081042700,108.93
34029713800,36081042700,100.64
34029713000,36081042700,94.29
34029713100,36081042700,93.52
34029713203,36081042700,94.28
34029713401,36081042700,92.36
34029713300,36081042700,94.39
34029713500,36081042700,96.04
34029713600,36081042700,96.1
34029713700,36081042700,98.13
34029713900,36081042700,97.22
34029714000,36081042700,100.38
34029714100,36081042700,100.39
34029714200,36081042700,101.3
34029714300,36081042700,103.51
34029714400,36081042700,103.42
34029722100,36081042700,98.54
34029722200,36081042700,103.96
34029722300,36081042700,106.38
34029722500,36081042700,105.88
34029722600,36081042700,105.56
34029722702,36081042700,107.43
34029722800,36081042700,104.32
34029722900,36081042700,102.0
34029723000,36081042700,105.11
34029723200,36081042700,107.49
34029723300,36081042700,107.71
34029723400,36081042700,109.21
34029723500,36081042700,107.75
34029723600,36081042700,106.4
34029726000,36081042700,109.45
34029722401,36081042700,103.55
34029723100,36081042700,104.01
34029727001,36081042700,108.29
34029717501,36081042700,90.56
34029717001,36081042700,85.74
34029717101,36081042700,85.58
34029717002,36081042700,86.83
34029717200,36081042700,87.15
34029717300,36081042700,90.35
34029717400,36081042700,94.38
34029715902,36081042700,98.95
34029739100,36081042700,110.41
34029720205,36081042700,101.77
34029715901,36081042700,95.84
34029720206,36081042700,104.0
34029722001,36081042700,97.59
34031182100,36081042700,36.51
34031124323,36081042700,31.42
34031124322,36081042700,31.34
34031124602,36081042700,34.73
34031124800,36081042700,33.63
34031124402,36081042700,28.58
34031154001,36081042700,33.75
34031154002,36081042700,36.31
34031175301,36081042700,31.47
34031175701,36081042700,29.72
34031175703,36081042700,31.32
34031175704,36081042700,30.23
34031175801,36081042700,30.62
34031175802,36081042700,31.83
34031175401,36081042700,32.34
34031175402,36081042700,31.38
34031175601,36081042700,29.92
34031175602,36081042700,32.09
34031183101,36081042700,35.71
34031183102,36081042700,36.84
34031124500,36081042700,32.61
34031175500,36081042700,33.17
34031124321,36081042700,33.19
34031246104,36081042700,43.49
34031124200,36081042700,34.55
34031175900,36081042700,32.23
34031125100,36081042700,33.14
34031124312,36081042700,31.89
34031183000,36081042700,35.25
34031124601,36081042700,34.48
34031124401,36081042700,30.88
34031124900,36081042700,32.65
34031175200,36081042700,32.51
34031223900,36081042700,38.97
34031124311,36081042700,31.85
34031125000,36081042700,34.04
34031124700,36081042700,34.73
34031246203,36081042700,41.5
34031246300,36081042700,38.57
34017017700,36081042700,22.63
34017017800,36081042700,23.13
34017017900,36081042700,20.11
34017018000,36081042700,20.36
34017018100,36081042700,19.48
34017015300,36081042700,22.75
34017015500,36081042700,23.51
34017015600,36081042700,22.71
34017015700,36081042700,22.25
34017015900,36081042700,22.45
34017016000,36081042700,22.42
34017000600,36081042700,24.92
34017006600,36081042700,28.8
34017007400,36081042700,29.5
34017007700,36081042700,26.8
34017007800,36081042700,26.05
34017014101,36081042700,23.51
34017015001,36081042700,22.38
34017015201,36081042700,21.76
34017015202,36081042700,22.62
34017015801,36081042700,20.64
34017018301,36081042700,23.76
34017018302,36081042700,20.31
34017018702,36081042700,20.93
34017020100,36081042700,28.17
34017012300,36081042700,32.16
34017012400,36081042700,31.72
34017012500,36081042700,33.33
34017012600,36081042700,32.53
34017012700,36081042700,31.28
34017012800,36081042700,30.38
34017012900,36081042700,30.67
34017013000,36081042700,31.56
34017013100,36081042700,32.87
34017013200,36081042700,32.52
34017013300,36081042700,31.91
34017014000,36081042700,26.53
34017014400,36081042700,24.99
34017014600,36081042700,22.55
34017014700,36081042700,20.96
34017014800,36081042700,20.38
34017014900,36081042700,22.73
34017018200,36081042700,20.12
34017016100,36081042700,21.47
34017016200,36081042700,21.18
34017016300,36081042700,20.79
34017016400,36081042700,20.98
34017016500,36081042700,19.57
34017016600,36081042700,20.03
34017016700,36081042700,20.08
34017016800,36081042700,20.6
34017016900,36081042700,20.21
34017017000,36081042700,20.83
34017017100,36081042700,21.65
34017017200,36081042700,21.62
34017017300,36081042700,21.48
34017017400,36081042700,21.63
34017017500,36081042700,23.0
34017017600,36081042700,22.4
34017019900,36081042700,26.85
34017980100,36081042700,32.63
34017006400,36081042700,27.84
34017006500,36081042700,28.35
34017006700,36081042700,29.25
34017006800,36081042700,30.07
34017007000,36081042700,27.74
34017007500,36081042700,28.17
34017014102,36081042700,24.54
34017014501,36081042700,25.03
34017014502,36081042700,23.63
34017015002,36081042700,23.18
34017018701,36081042700,22.89
34017020000,36081042700,23.62
34017001701,36081042700,26.7
34017006900,36081042700,25.13
34017007100,36081042700,26.57
34017007200,36081042700,26.86
34017007300,36081042700,30.8
34017007600,36081042700,27.99
34017015802,36081042700,21.59
34017019800,36081042700,24.76
34027045200,36081042700,62.77
34027041000,36081042700,50.79
34027045603,36081042700,61.55
34027040803,36081042700,46.32
34027041702,36081042700,49.27
34027043301,36081042700,54.31
34027043302,36081042700,54.81
34027043303,36081042700,60.83
34027043401,36081042700,61.54
34027043402,36081042700,58.15
34027041100,36081042700,52.72
34027040801,36081042700,52.75
34027040900,36081042700,54.14
34027044401,36081042700,63.71
34027043700,36081042700,55.95
34027043800,36081042700,56.88
34027042301,36081042700,56.26
34027042302,36081042700,55.21
34027043500,36081042700,57.06
34027043600,36081042700,54.57
34027042700,36081042700,48.03
34027042800,36081042700,47.73
34027043900,36081042700,51.35
34027044000,36081042700,53.86
34027045901,36081042700,73.79
34027041200,36081042700,53.2
34027045401,36081042700,66.1
34027045402,36081042700,67.2
34027040804,36081042700,50.62
34027040805,36081042700,50.6
34027046201,36081042700,83.45
34027046000,36081042700,68.46
34027041601,36081042700,57.54
34027041602,36081042700,50.22
34027041603,36081042700,48.0
34027041604,36081042700,52.21
34027044701,36081042700,70.36
34027045902,36081042700,72.65
34027044702,36081042700,66.11
34027041300,36081042700,57.47
34027041400,36081042700,53.35
34027041500,36081042700,56.34
34027044403,36081042700,62.46
34027044501,36081042700,58.41
34027044800,36081042700,58.77
34027044900,36081042700,61.21
34027045000,36081042700,59.46
34027041901,36081042700,47.79
34027041902,36081042700,50.65
34027042600,36081042700,53.97
34027041701,36081042700,49.4
34027041704,36081042700,44.98
34027041801,36081042700,49.89
34027041802,36081042700,51.77
34027041803,36081042700,48.28
34027044300,36081042700,55.65
34027042500,36081042700,54.24
34027042000,36081042700,51.7
34027042100,36081042700,53.61
34027042200,36081042700,56.27
34027044200,36081042700,61.61
34027044404,36081042700,58.38
34027046103,36081042700,74.51
34027046105,36081042700,71.32
34027046104,36081042700,77.79
34027046106,36081042700,75.8
34027045502,36081042700,69.31
34027045300,36081042700,64.68
34027044502,36081042700,60.57
34027045501,36081042700,69.21
34027046297,36081042700,88.54
34027046202,36081042700,88.23
34027046298,36081042700,83.89
34027045100,36081042700,62.07
34027045602,36081042700,59.57
34027045703,36081042700,65.33
34027045704,36081042700,70.54
34027045804,36081042700,66.67
34027046400,36081042700,66.36
34027046300,36081042700,62.6
34027040101,36081042700,42.77
34027040102,36081042700,41.39
34027044101,36081042700,62.41
34027045701,36081042700,65.37
34027044102,36081042700,59.34
34027042900,36081042700,51.64
34027043000,36081042700,50.65
34027043100,36081042700,51.86
34027043200,36081042700,53.24
34027041705,36081042700,47.02
34027041706,36081042700,48.24
34041031200,36081042700,89.1
34041031301,36081042700,85.34
34041031302,36081042700,82.14
34041031800,36081042700,106.11
34041031900,36081042700,91.97
34041031500,36081042700,89.02
34041032101,36081042700,98.81
34041032000,36081042700,92.08
34041031601,36081042700,102.51
34041031602,36081042700,98.03
34041031401,36081042700,81.97
34041031402,36081042700,82.23
34031223801,36081042700,38.01
34031223802,36081042700,37.68
34031264101,36081042700,37.48
34031264102,36081042700,36.01
34031175302,36081042700,32.4
34003051100,36081042700,28.49
34003025200,36081042700,31.72
34003030400,36081042700,33.1
34003031300,36081042700,28.41
34003025100,36081042700,30.74
34003031200,36081042700,27.54
34003051300,36081042700,27.91
34003038300,36081042700,30.67
34003021600,36081042700,32.77
34003041100,36081042700,24.64
34003038200,36081042700,31.3
34003051200,36081042700,27.87
34003045200,36081042700,25.87
34003031400,36081042700,28.86
34003006100,36081042700,25.96
34003046100,36081042700,26.2
34003006300,36081042700,25.46
34003036200,36081042700,27.48
34003036100,36081042700,29.6
34003057200,36081042700,30.54
34003029100,36081042700,27.05
34003051400,36081042700,26.94
34003045100,36081042700,26.78
34003057101,36081042700,31.45
34003021100,36081042700,35.57
34003046300,36081042700,26.5
34003038100,36081042700,32.4
34003005000,36081042700,28.3
34003021300,36081042700,34.53
34003006201,36081042700,26.08
34003012001,36081042700,28.29
34003012002,36081042700,28.93
34003013002,36081042700,24.1
34003019304,36081042700,24.98
34003018200,36081042700,27.03
34003018100,36081042700,26.08
34003021500,36081042700,33.03
34003041301,36081042700,24.21
34003021400,36081042700,34.87
34003006202,36081042700,25.21
34003019306,36081042700,24.01
34003013001,36081042700,26.02
34003021200,36081042700,35.37
34003029200,36081042700,27.85
34003030200,36081042700,34.24
34003057102,36081042700,30.57
34003060000,36081042700,29.88
34003031100,36081042700,27.19
34003030300,36081042700,32.55
34021001402,36081042700,93.62
34021001500,36081042700,91.09
34021001600,36081042700,90.48
34021001700,36081042700,89.98
34021001800,36081042700,88.77
34021001900,36081042700,89.2
34021002000,36081042700,90.88
34021002100,36081042700,91.63
34021002200,36081042700,90.58
34021002701,36081042700,91.44
34021002400,36081042700,92.54
34021004301,36081042700,80.16
34021004304,36081042700,83.66
34021004407,36081042700,80.75
34021004306,36081042700,88.14
34021003301,36081042700,89.27
34021002904,36081042700,88.47
34021004307,36081042700,83.05
34021001102,36081042700,94.1
34021003905,36081042700,98.24
34021004501,36081042700,80.27
34021001101,36081042700,93.55
34021003904,36081042700,93.57
34021004309,36081042700,86.7
34021004310,36081042700,89.08
34021004502,36081042700,82.52
34021004406,36081042700,80.48
34021004403,36081042700,76.6
34021004405,36081042700,77.23
34021004404,36081042700,75.56
34021003400,36081042700,91.89
34021003500,36081042700,92.8
34021003601,36081042700,93.35
34021003602,36081042700,94.74
34021003705,36081042700,96.94
34021003704,36081042700,90.07
34021002602,36081042700,89.78
34021003703,36081042700,95.39
34021000100,36081042700,93.42
34021002500,36081042700,92.76
34021002702,36081042700,92.29
34021002800,36081042700,90.64
34021002601,36081042700,92.83
34021002903,36081042700,87.56
34021002902,36081042700,90.79
34021003001,36081042700,88.22
34021003002,36081042700,89.48
34021003003,36081042700,89.43
34021003009,36081042700,90.28
34021003006,36081042700,90.3
34021003007,36081042700,89.49
34021003008,36081042700,89.89
34021003004,36081042700,90.03
34021003902,36081042700,91.77
34021003800,36081042700,100.84
34021003706,36081042700,94.83
34021003100,36081042700,87.69
34021003302,36081042700,85.33
34021003201,36081042700,88.74
34021003903,36081042700,94.53
34021003202,36081042700,85.99
34021004000,36081042700,80.83
34021004203,36081042700,86.0
34021004201,36081042700,80.8
34021004204,36081042700,80.02
34021000200,36081042700,93.82
34021000300,36081042700,93.67
34021000400,36081042700,92.67
34021000500,36081042700,93.62
34021000600,36081042700,92.6
34021000700,36081042700,92.31
34021000800,36081042700,92.48
34021000900,36081042700,91.22
34021001000,36081042700,91.87
34021001300,36081042700,94.75
34021001200,36081042700,94.99
34021001401,36081042700,92.53
34005701700,36081042700,93.11
34005701502,36081042700,91.87
34005702101,36081042700,105.8
34005704200,36081042700,90.81
34005704500,36081042700,102.74
34005704801,36081042700,111.14
34005704302,36081042700,93.64
34005981802,36081042700,94.17
34005982111,36081042700,105.59
34025810003,36081042700,70.21
34025810004,36081042700,68.71
34025809701,36081042700,67.14
34025806300,36081042700,84.26
34025809600,36081042700,65.95
34025807400,36081042700,86.14
34025808900,36081042700,91.11
34025807600,36081042700,83.18
34025808002,36081042700,81.91
34025807800,36081042700,82.09
34025807900,36081042700,81.74
34025805001,36081042700,76.5
34025809000,36081042700,88.13
34025803900,36081042700,76.83
34025806600,36081042700,82.68
34025803800,36081042700,78.18
34025806503,36081042700,80.56
34025806504,36081042700,83.04
34025803400,36081042700,71.07
34025810300,36081042700,72.22
34025805600,36081042700,81.83
34025811600,36081042700,82.22
34025809301,36081042700,91.45
34025809302,36081042700,93.81
34025810101,36081042700,67.43
34025811101,36081042700,76.84
34025811102,36081042700,80.29
34025812100,36081042700,77.11
34025812200,36081042700,77.74
34025812300,36081042700,73.23
34025812400,36081042700,87.91
34025812502,36081042700,93.22
34025810600,36081042700,79.81
34025804600,36081042700,75.75
34025803500,36081042700,72.22
34025802200,36081042700,63.85
34025801500,36081042700,74.4
34025804800,36081042700,79.73
34025802600,36081042700,58.55
34025990000,36081042700,74.1
34025803202,36081042700,65.95
34025811502,36081042700,88.16
34025806201,36081042700,80.04
34025806202,36081042700,80.08
34025808701,36081042700,90.39
34025808702,36081042700,89.92
34025812501,36081042700,85.41
34025803201,36081042700,64.32
34025802800,36081042700,63.01
34025802700,36081042700,60.52
34025802900,36081042700,63.45
34025801000,36081042700,67.13
34025800200,36081042700,71.24
34025802500,36081042700,58.83
34025809502,36081042700,64.53
34025810102,36081042700,68.59
34025811501,36081042700,94.22
34025809703,36081042700,68.41
34025800900,36081042700,71.57
34025804100,36081042700,82.25
34025801200,36081042700,68.98
34025808100,36081042700,84.77
34025803100,36081042700,60.25
34025808500,36081042700,88.21
34025810001,36081042700,68.69
34025804500,36081042700,74.12
34025807100,36081042700,83.58
34025808001,36081042700,86.29
34025807300,36081042700,83.0
34025807004,36081042700,85.96
34025807003,36081042700,84.5
34025812000,36081042700,86.67
34025801900,36081042700,59.79
34025803000,36081042700,61.6
34025807200,36081042700,84.04
34025807500,36081042700,83.12
34025800100,36081042700,74.16
34025808200,36081042700,85.36
34025809501,36081042700,66.66
34025810501,36081042700,73.86
34025801800,36081042700,63.27
34025805100,36081042700,79.01
34025808402,36081042700,87.63
34025808401,36081042700,87.81
34025801100,36081042700,66.8
34025808300,36081042700,86.32
34025809400,36081042700,91.88
34025800601,36081042700,65.42
34025800500,36081042700,67.54
34025809901,36081042700,71.0
34025810200,36081042700,77.6
34025809902,36081042700,74.76
34025809903,36081042700,76.29
34025811900,36081042700,92.04
34025809100,36081042700,90.95
34025805500,36081042700,80.99
34025803700,36081042700,74.14
34025804700,36081042700,76.05
34025810402,36081042700,72.2
34025811000,36081042700,70.79
34025808600,36081042700,85.52
34025802000,36081042700,58.93
34025801400,36081042700,68.64
34025810900,36081042700,71.84
34025810800,36081042700,72.6
34025802400,36081042700,60.18
34025802300,36081042700,61.03
34025805400,36081042700,81.19
34025806502,36081042700,80.44
34025806501,36081042700,82.25
34025810700,36081042700,71.67
34025806400,36081042700,81.78
34025804200,36081042700,75.22
34025809704,36081042700,68.29
34025810401,36081042700,70.83
34025811200,36081042700,82.69
34025810502,36081042700,74.96
34025803300,36081042700,69.55
34025810002,36081042700,66.97
34025811304,36081042700,83.75
34025801700,36081042700,66.31
34025802100,36081042700,63.37
34025801600,36081042700,64.98
34025800602,36081042700,66.59
34025800400,36081042700,68.82
34025807700,36081042700,83.86
34025810503,36081042700,76.19
34025800702,36081042700,65.57
34025800701,36081042700,65.12
34025811301,36081042700,79.05
34025801300,36081042700,72.16
34025811303,36081042700,82.56
34025811402,36081042700,82.55
34025811401,36081042700,86.95
34025808800,36081042700,90.74
34025800800,36081042700,68.45
34025803600,36081042700,71.1
34025805800,36081042700,83.79
34025805900,36081042700,81.96
34025805700,36081042700,81.05
34025809200,36081042700,94.14
34025806000,36081042700,84.03
34025806100,36081042700,82.88
34025805300,36081042700,79.25
34013014500,36081042700,33.79
34013014600,36081042700,34.15
34013000600,36081042700,36.07
34013010000,36081042700,38.37
34013010100,36081042700,37.28
34013010200,36081042700,36.44
34013014800,36081042700,31.84
34013014900,36081042700,31.08
34013015000,36081042700,32.59
34013017700,36081042700,39.8
34013017800,36081042700,37.52
34013017900,36081042700,39.41
34013018000,36081042700,39.47
34013021803,36081042700,43.58
34013021802,36081042700,42.42
34013003800,36081042700,35.9
34013002201,36081042700,41.3
34013015100,36081042700,33.71
34013015200,36081042700,35.0
34013015300,36081042700,35.63
34013015400,36081042700,34.76
34013015500,36081042700,35.59
34013015600,36081042700,36.84
34013015700,36081042700,36.59
34013015800,36081042700,36.2
34013015900,36081042700,36.59
34013002202,36081042700,40.25
34013007400,36081042700,31.45
34013021701,36081042700,43.22
34013021702,36081042700,43.06
34013022900,36081042700,31.88
34013023000,36081042700,34.62
34013023100,36081042700,36.78
34013023200,36081042700,35.35
34013980100,36081042700,34.7
34013021300,36081042700,37.72
34013021400,36081042700,37.39
34013017302,36081042700,43.87
34013009900,36081042700,38.87
34013018100,36081042700,38.78
34013018200,36081042700,38.42
34013018300,36081042700,38.48
34013018400,36081042700,37.01
34013018700,36081042700,38.26
34013018800,36081042700,39.86
34013980200,36081042700,35.22
34013004802,36081042700,35.08
34013004900,36081042700,35.38
34013005000,36081042700,34.8
34013005100,36081042700,36.1
34013005200,36081042700,37.09
34013005300,36081042700,36.32
34013005400,36081042700,36.11
34013005700,36081042700,33.8
34013022800,36081042700,35.32
34013006200,36081042700,35.17
34013006400,36081042700,34.34
34013006600,36081042700,35.0
34013006700,36081042700,33.67
34013006800,36081042700,32.53
34013018900,36081042700,39.58
34013000900,36081042700,33.57
34013001700,36081042700,34.36
34013001900,36081042700,36.4
34013002000,36081042700,38.46
34013010300,36081042700,35.83
34013010400,36081042700,36.94
34013010500,36081042700,37.04
34013010600,36081042700,36.27
34013010700,36081042700,35.14
34013010800,36081042700,35.47
34013010900,36081042700,34.65
34013022700,36081042700,34.64
34013011100,36081042700,35.66
34013011200,36081042700,36.21
34013011300,36081042700,36.65
34013011400,36081042700,37.48
34013011500,36081042700,37.59
34013011600,36081042700,36.98
34013011700,36081042700,36.91
34013011800,36081042700,38.18
34013016000,36081042700,36.29
34013020901,36081042700,44.43
34013021601,36081042700,41.72
34013021602,36081042700,39.11
34013002400,36081042700,38.35
34013004300,36081042700,37.91
34013012600,36081042700,37.51
34013013300,36081042700,37.41
34013004500,36081042700,36.24
34013011900,36081042700,38.46
34013012000,36081042700,39.39
34013012100,36081042700,38.9
34013012200,36081042700,39.09
34013012300,36081042700,39.32
34013012400,36081042700,38.97
34013012500,36081042700,38.84
34013012700,36081042700,37.75
34013012800,36081042700,37.46
34013012900,36081042700,37.4
34013013000,36081042700,38.07
34013013100,36081042700,38.0
34013013200,36081042700,37.62
34013019700,36081042700,40.85
34013019600,36081042700,40.71
34013020400,36081042700,46.85
34013020500,36081042700,44.15
34013020600,36081042700,45.19
34013020700,36081042700,47.38
34013020800,36081042700,47.18
34013020902,36081042700,46.81
34013019400,36081042700,43.51
34013019500,36081042700,42.09
34013019800,36081042700,41.44
34013019900,36081042700,43.62
34013020000,36081042700,47.19
34013020100,36081042700,46.25
34013020200,36081042700,42.77
34013020300,36081042700,44.61
34013016100,36081042700,34.88
34013016200,36081042700,34.24
34013016300,36081042700,34.13
34013016400,36081042700,35.51
34013016500,36081042700,34.07
34013016600,36081042700,35.4
34013016700,36081042700,35.51
34013016800,36081042700,36.54
34013016900,36081042700,37.64
34013017000,36081042700,37.04
34013017100,36081042700,36.56
34013017200,36081042700,38.58
34013017400,36081042700,42.18
34013000100,36081042700,35.36
34013000200,36081042700,34.97
34013000500,36081042700,34.56
34013000700,36081042700,34.28
34013000800,36081042700,34.48
34013001000,36081042700,32.52
34013001100,36081042700,33.47
34013001300,36081042700,34.48
34013001400,36081042700,35.17
34013001500,36081042700,34.13
34013001600,36081042700,33.39
34013001800,36081042700,36.1
34013002100,36081042700,39.27
34013002300,36081042700,38.73
34013002500,36081042700,38.41
34013002600,36081042700,37.27
34013002800,36081042700,36.04
34013003100,36081042700,35.34
34013018600,36081042700,37.88
34013003500,36081042700,36.86
34013003700,36081042700,37.3
34013003900,36081042700,36.12
34013004100,36081042700,37.21
34013004200,36081042700,37.67
34013004400,36081042700,36.68
34013004600,36081042700,36.36
34013004700,36081042700,36.27
34013004801,36081042700,34.49
34013006900,36081042700,33.07
34013007000,36081042700,32.19
34013007100,36081042700,31.78
34013007200,36081042700,30.69
34013007300,36081042700,31.42
34013007501,36081042700,30.68
34013007502,36081042700,29.83
34013007600,36081042700,31.5
34013007700,36081042700,31.57
34013007800,36081042700,33.33
34013007900,36081042700,32.67
34013008000,36081042700,32.93
34013008100,36081042700,33.57
34013008200,36081042700,33.82
34013008700,36081042700,32.8
34013008800,36081042700,32.52
34013008900,36081042700,32.61
34013009000,36081042700,32.39
34013009100,36081042700,33.51
34013009200,36081042700,33.19
34013009300,36081042700,34.58
34013009400,36081042700,34.22
34013009500,36081042700,34.91
34013000300,36081042700,36.1
34013017301,36081042700,43.19
34013009700,36081042700,35.07
34013019100,36081042700,40.54
34013013400,36081042700,30.08
34013013500,36081042700,29.57
34013013800,36081042700,31.63
34013019000,36081042700,43.12
34013019200,36081042700,40.59
34013019300,36081042700,41.46
34013021000,36081042700,40.32
34013009600,36081042700,34.39
34013013700,36081042700,31.48
34013000400,36081042700,36.42
34013014700,36081042700,37.28
34013013900,36081042700,33.01
34013014000,36081042700,33.77
34013014100,36081042700,33.35
34013014200,36081042700,33.39
34013014300,36081042700,32.51
34013014400,36081042700,31.77
34013021100,36081042700,40.07
34013021200,36081042700,40.01
34013013600,36081042700,30.22
34013021801,36081042700,45.62
34013017500,36081042700,41.51
34013017600,36081042700,40.14
34019010600,36081042700,102.17
34019011500,36081042700,109.75
34019010400,36081042700,90.97
34019010801,36081042700,80.2
34019010802,36081042700,76.36
34019010200,36081042700,90.36
34019010900,36081042700,83.91
34019011001,36081042700,80.23
34019011201,36081042700,87.18
34019011600,36081042700,102.14
34019011700,36081042700,101.78
34019010100,36081042700,81.7
34019011800,36081042700,112.19
34019011400,36081042700,90.2
34019010701,36081042700,85.67
34019010702,36081042700,94.58
34019010300,36081042700,85.74
34019011002,36081042700,80.54
34019011301,36081042700,89.79
34019011304,36081042700,88.56
34019011303,36081042700,89.21
34019011100,36081042700,74.03
34019011202,36081042700,86.77
34019011302,36081042700,91.27
34035053801,36081042700,72.83
34035052001,36081042700,53.64
34035051800,36081042700,55.64
34035051900,36081042700,56.72
34035052002,36081042700,54.28
34035052800,36081042700,72.61
34035050500,36081042700,71.24
34035050600,36081042700,71.19
34035053901,36081042700,79.21
34035050100,36081042700,70.88
34035050200,36081042700,68.77
34035050300,36081042700,69.55
34035050400,36081042700,70.44
34035052400,36081042700,64.17
34035052601,36081042700,65.1
34035052700,36081042700,68.59
34035051700,36081042700,54.07
34035051100,36081042700,64.73
34035053000,36081042700,63.55
34035052201,36081042700,58.71
34035052300,36081042700,53.74
34035052603,36081042700,59.34
34035050701,36081042700,77.59
34035050703,36081042700,72.4
34035053706,36081042700,79.49
34035052203,36081042700,62.78
34035054100,36081042700,64.03
34035052903,36081042700,68.94
34037374300,36081042700,79.14
34035051200,36081042700,66.26
34035051300,36081042700,64.49
34035053602,36081042700,80.88
34035050801,36081042700,77.31
34035050802,36081042700,66.04
34035050901,36081042700,72.43
34035050902,36081042700,66.48
34035050903,36081042700,69.82
34035051000,36081042700,66.12
34035052901,36081042700,67.58
34035053105,36081042700,64.89
34037374800,36081042700,72.98
34035053705,36081042700,79.63
34035053402,36081042700,75.15
34035053501,36081042700,67.96
34035053102,36081042700,61.88
34035053103,36081042700,67.15
34035053200,36081042700,62.55
34035053300,36081042700,62.81
34035052100,36081042700,60.0
34035053703,36081042700,93.05
34037374700,36081042700,72.55
34037374200,36081042700,74.66
34035053704,36081042700,80.91
34035053803,36081042700,76.99
34035053804,36081042700,77.28
34035053805,36081042700,75.66
34035051400,36081042700,70.72
34035051500,36081042700,71.61
34035051600,36081042700,70.88
34037374900,36081042700,72.97
34037374500,36081042700,76.17
34037374600,36081042700,70.2
34029715401,36081042700,88.36
34029732001,36081042700,111.87
34029721000,36081042700,102.87
34029715000,36081042700,93.86
34029713201,36081042700,93.97
34029715500,36081042700,90.47
34029715700,36081042700,93.08
34029715800,36081042700,93.38
34029716000,36081042700,98.91
34029715302,36081042700,87.57
34029715402,36081042700,86.99
34029715600,36081042700,90.44
34029727002,36081042700,110.66
34029730000,36081042700,106.97
34029718000,36081042700,100.92
34029711100,36081042700,94.36
34029711200,36081042700,93.56
34029711300,36081042700,96.06
34029710100,36081042700,92.74
34029715200,36081042700,89.36
34029731201,36081042700,108.36
34029731206,36081042700,107.01
34029731001,36081042700,109.3
34029720103,36081042700,114.74
34029720102,36081042700,116.12
34029720203,36081042700,106.13
34029720204,36081042700,104.41
34029720202,36081042700,101.74
34029720101,36081042700,110.7
34029729000,36081042700,110.65
34029717102,36081042700,89.74
34029717502,36081042700,93.02
34029715301,36081042700,87.24
34029713202,36081042700,92.54
34029713402,36081042700,94.85
34029722701,36081042700,107.16
34029722402,36081042700,103.8
34029731203,36081042700,111.71
34029731202,36081042700,111.48
34029711400,36081042700,96.1
34029712000,36081042700,95.75
34029725002,36081042700,107.06
34029731102,36081042700,110.78
34029725100,36081042700,104.65
34029725001,36081042700,105.29
34039031200,36081042700,36.02
34039032100,36081042700,40.26
34039032001,36081042700,39.43
34039031500,36081042700,34.97
34039031400,36081042700,36.09
34039035500,36081042700,45.31
34039034200,36081042700,43.47
34039033600,36081042700,41.93
34039036800,36081042700,49.1
34039038400,36081042700,49.63
34039038300,36081042700,46.8
34039037602,36081042700,42.77
34039032700,36081042700,41.09
34039032200,36081042700,36.49
34039039200,36081042700,57.34
34039032901,36081042700,40.41
34039033200,36081042700,38.05
34039036700,36081042700,49.72
34039035000,36081042700,42.31
34039038800,36081042700,52.34
34039037800,36081042700,47.59
34039033300,36081042700,38.84
34039034800,36081042700,44.05
34039034400,36081042700,42.38
34039032800,36081042700,40.54
34039037900,36081042700,47.52
34039037700,36081042700,46.55
34039036500,36081042700,49.75
34039038000,36081042700,44.52
34039035600,36081042700,48.44
34039033400,36081042700,40.75
34039039100,36081042700,56.67
34039039700,36081042700,57.85
34039039400,36081042700,57.93
34039039600,36081042700,58.94
34039039300,36081042700,56.82
34039038602,36081042700,56.12
34039039000,36081042700,55.86
34039035800,36081042700,46.68
34039036000,36081042700,44.1
34039034500,36081042700,40.46
34039036301,36081042700,45.84
34039034100,36081042700,42.68
34039034000,36081042700,42.05
34039032600,36081042700,41.87
34039036900,36081042700,45.64
34039038500,36081042700,51.08
34039038201,36081042700,49.72
34039036400,36081042700,46.43
34039032902,36081042700,41.05
34039037400,36081042700,46.54
34039037601,36081042700,47.33
34039038101,36081042700,50.97
34039036302,36081042700,48.13
34039035100,36081042700,41.8
34039035900,36081042700,45.83
34039032002,36081042700,38.48
34039030802,36081042700,37.5
34039030200,36081042700,38.2
34039038202,36081042700,53.92
34039036100,36081042700,44.39
34039031700,36081042700,37.27
34039038102,36081042700,50.99
34039035700,36081042700,46.59
34039034600,36081042700,42.59
34039037200,36081042700,43.16
34039036200,36081042700,45.64
34039038700,36081042700,51.1
34039037300,36081042700,44.13
34039034700,36081042700,42.76
34039035400,36081042700,41.66
34039032500,36081042700,37.48
34039037000,36081042700,43.4
34039036600,36081042700,48.78
34039033800,36081042700,43.06
34039034900,36081042700,44.32
34039033700,36081042700,41.12
34039038601,36081042700,54.59
34039032400,36081042700,36.12
34039034300,36081042700,45.0
34039037500,36081042700,42.67
34039037100,36081042700,46.48
34039032300,36081042700,36.12
34039033000,36081042700,39.68
34039030500,36081042700,38.71
34039033500,36081042700,42.29
34039033100,36081042700,38.69
34039030600,36081042700,37.76
34039030400,36081042700,39.7
34039033900,36081042700,42.14
34039030900,36081042700,38.15
34039039500,36081042700,60.35
34039031300,36081042700,34.44
34039031100,36081042700,36.73
34039031000,36081042700,37.49
34039030702,36081042700,38.29
34039031601,36081042700,35.94
34039031602,36081042700,36.38
34039031801,36081042700,38.39
34039031903,36081042700,38.25
34039031904,36081042700,37.77
34039039800,36081042700,38.93
34039039900,36081042700,36.76
34039030701,36081042700,37.63
34039031802,36081042700,37.72
34039038900,36081042700,53.48
34039035200,36081042700,38.17
34039035300,36081042700,40.02
34023003203,36081042700,49.1
34023003300,36081042700,48.2
34023002701,36081042700,48.37
34023002703,36081042700,47.82
34023002301,36081042700,51.43
34023002302,36081042700,53.35
34023002401,36081042700,51.3
34023002402,36081042700,50.85
34023006605,36081042700,66.4
34023006606,36081042700,65.4
34023006607,36081042700,64.36
34023006608,36081042700,62.16
34023006701,36081042700,62.15
34023006800,36081042700,59.61
34023007000,36081042700,61.54
34023001415,36081042700,56.73
34023002605,36081042700,48.26
34023002604,36081042700,50.66
34023003101,36081042700,52.16
34023003102,36081042700,51.47
34023003201,36081042700,49.42
34023002500,36081042700,50.82
34023002603,36081042700,51.4
34023002805,36081042700,50.06
34023002901,36081042700,47.74
34023002902,36081042700,47.61
34023001414,36081042700,58.47
34023006703,36081042700,61.57
34023001417,36081042700,54.72
34023001416,36081042700,51.91
34023001409,36081042700,53.63
34023001410,36081042700,54.92
34023001411,36081042700,51.69
34023001412,36081042700,55.25
34023001413,36081042700,57.18
34023003002,36081042700,50.98
34023000608,36081042700,62.9
34023003401,36081042700,44.33
34023005601,36081042700,60.6
34023005602,36081042700,59.25
34023006002,36081042700,57.8
34023007911,36081042700,63.81
34023007912,36081042700,62.77
34023008605,36081042700,80.05
34023001502,36081042700,57.19
34023001504,36081042700,56.05
34023001600,36081042700,56.42
34023001701,36081042700,54.8
34023001702,36081042700,55.72
34023001803,36081042700,55.25
34023001804,36081042700,54.4
34023001805,36081042700,51.79
34023001901,36081042700,53.93
34023001902,36081042700,50.77
34023008606,36081042700,77.02
34023008800,36081042700,61.99
34023008900,36081042700,55.82
34023009000,36081042700,47.31
34023009200,36081042700,54.81
34023009300,36081042700,58.38
34023001903,36081042700,52.12
34023008103,36081042700,68.94
34023001100,36081042700,59.64
34023001200,36081042700,56.66
34023001300,36081042700,59.08
34023008208,36081042700,73.79
34023008300,36081042700,70.32
34023002000,36081042700,55.27
34023002101,36081042700,54.05
34023002102,36081042700,53.8
34023009400,36081042700,59.51
34023009100,36081042700,45.99
34023006001,36081042700,57.61
34023001505,36081042700,59.28
34023001506,36081042700,58.08
34023002200,36081042700,54.12
34023000100,36081042700,62.89
34023000200,36081042700,63.06
34023006206,36081042700,61.16
34023007702,36081042700,66.47
34023008202,36081042700,77.66
34023008204,36081042700,75.44
34023008206,36081042700,70.47
34023008207,36081042700,72.68
34023008209,36081042700,69.08
34023008205,36081042700,76.53
34023005100,36081042700,60.48
34023005200,36081042700,60.58
34023005300,36081042700,60.03
34023005500,36081042700,62.89
34023006500,36081042700,61.54
34023005700,36081042700,59.97
34023005800,36081042700,58.65
34023006103,36081042700,63.07
34023006101,36081042700,62.11
34023006104,36081042700,66.19
34023006203,36081042700,65.27
34023006204,36081042700,66.44
34023006205,36081042700,66.84
34023006207,36081042700,64.89
34023007801,36081042700,61.99
34023007804,36081042700,63.67
34023007906,36081042700,58.28
34023007907,36081042700,55.75
34023007909,36081042700,59.73
34023007910,36081042700,58.46
34023008001,36081042700,56.9
34023007905,36081042700,56.99
34023007908,36081042700,55.14
34023007703,36081042700,64.58
34023007704,36081042700,64.83
34023007805,36081042700,62.07
34023007806,36081042700,61.55
34023004000,36081042700,49.63
34023004100,36081042700,49.41
34023004200,36081042700,50.11
34023004300,36081042700,49.59
34023004400,36081042700,50.9
34023004500,36081042700,50.87
34023004600,36081042700,52.41
34023004700,36081042700,50.78
34023004800,36081042700,51.01
34023004900,36081042700,52.33
34023005000,36081042700,53.33
34023000401,36081042700,61.76
34023000403,36081042700,63.32
34023000404,36081042700,60.34
34023000501,36081042700,60.48
34023000502,36081042700,59.45
34023000603,36081042700,60.95
34023000701,36081042700,62.21
34023000606,36081042700,59.58
34023000702,36081042700,63.26
34023003001,36081042700,48.23
34023008601,36081042700,76.91
34023008602,36081042700,75.81
34023008604,36081042700,79.43
34023007101,36081042700,59.26
34023007102,36081042700,59.29
34023007103,36081042700,61.87
34023007202,36081042700,56.74
34023007203,36081042700,54.62
34023007301,36081042700,55.05
34023007303,36081042700,54.11
34023007304,36081042700,56.09
34023007402,36081042700,52.51
34023007500,36081042700,52.01
34023007600,36081042700,52.34
34023008405,36081042700,70.14
34023008406,36081042700,68.63
34023008501,36081042700,73.11
34023008502,36081042700,71.05
34023008503,36081042700,73.6
34023008504,36081042700,74.58
34023008403,36081042700,77.86
34023008404,36081042700,71.73
34023003500,36081042700,42.51
34023003600,36081042700,42.9
34023003700,36081042700,42.93
34023000801,36081042700,61.47
34023000802,36081042700,60.17
34023000901,36081042700,60.82
34023000902,36081042700,57.38
34023001001,36081042700,58.05
34023001002,36081042700,56.1
34023006900,36081042700,61.02
34023008101,36081042700,65.08
34023008102,36081042700,65.51
34023003800,36081042700,45.03
34023008700,36081042700,76.19
34023000300,36081042700,60.26
34023006300,36081042700,61.05
34023006403,36081042700,56.73
34023006601,36081042700,66.49
34023006604,36081042700,67.32
34031183200,36081042700,37.06
34031181300,36081042700,36.47
34031182600,36081042700,35.17
34031133702,36081042700,40.5
34031180201,36081042700,39.84
34031180202,36081042700,38.01
34031182302,36081042700,37.69
34031181400,36081042700,37.85
34031181900,36081042700,37.82
34031246103,36081042700,42.24
34031181800,36081042700,36.37
34031182500,36081042700,36.26
34031182400,36081042700,37.14
34031182900,36081042700,36.17
34031182200,36081042700,37.31
34031182700,36081042700,36.64
34031182000,36081042700,36.74
34031181702,36081042700,37.69
34031182800,36081042700,37.85
34031181500,36081042700,38.87
34031180700,36081042700,38.58
34031180300,36081042700,38.36
34031246101,36081042700,44.18
34031180100,36081042700,38.74
34031246202,36081042700,42.45
34031264200,36081042700,38.27
34031182301,36081042700,37.65
34003015300,36081042700,26.98
34003011200,36081042700,36.33
34003030100,36081042700,32.38
34003050000,36081042700,33.19
34003011300,36081042700,34.91
34003054100,36081042700,27.16
34003054600,36081042700,26.04
34003054400,36081042700,29.3
34003054300,36081042700,29.49
34003028001,36081042700,24.07
34003046200,36081042700,28.31
34003011100,36081042700,35.03
34003033100,36081042700,30.28
34003033200,36081042700,31.42
34003054500,36081042700,26.96
34003054200,36081042700,27.02
34003011400,36081042700,36.21
34003015500,36081042700,24.72
34003015400,36081042700,26.81
34003016000,36081042700,25.21
34003004002,36081042700,27.7
34003019103,36081042700,23.37
34003019104,36081042700,22.77
34003019203,36081042700,22.27
34003019204,36081042700,22.69
34003019303,36081042700,24.15
34003052100,36081042700,34.26
34003019305,36081042700,22.58
34003023301,36081042700,31.04
34003023302,36081042700,32.07
34003019102,36081042700,23.07
34003042500,36081042700,31.78
34003041302,36081042700,23.64
34003023502,36081042700,30.78
34003023602,36081042700,29.71
34003019202,36081042700,21.79
34003028002,36081042700,22.69
34003052200,36081042700,33.86
34003004001,36081042700,28.11
34003023601,36081042700,34.07
34003023501,36081042700,31.41
34003041200,36081042700,23.95
34003023402,36081042700,30.45
34003023401,36081042700,32.01
34003023200,36081042700,30.11
34003023100,36081042700,29.31
34003033300,36081042700,31.95
34031203600,36081042700,39.38
34031163500,36081042700,42.18
34031256805,36081042700,56.2
34031133701,36081042700,39.13
34031196402,36081042700,48.76
34031196401,36081042700,46.62
34031256804,36081042700,64.52
34031143300,36081042700,37.63
34031143200,36081042700,37.04
34031181000,36081042700,36.35
34031181100,36081042700,36.77
34031180900,36081042700,37.49
34031143400,36081042700,38.18
34031246003,36081042700,47.08
34031180800,36081042700,38.44
34031181200,36081042700,37.13
34031246001,36081042700,46.04
34031246102,36081042700,43.15
34031116500,36081042700,51.07
34031246002,36081042700,50.84
34031180600,36081042700,39.01
34031246201,36081042700,43.32
34027040500,36081042700,48.86
34027040600,36081042700,50.55
34027040200,36081042700,43.91
34027040300,36081042700,46.74
34027040400,36081042700,50.3
34027044601,36081042700,68.56
34027044602,36081042700,65.02
34027040701,36081042700,52.64
34027040702,36081042700,56.32
34041031102,36081042700,99.51
34041031101,36081042700,101.14
34031236601,36081042700,50.32
34031236602,36081042700,55.74
34003037201,36081042700,32.49
34003047100,36081042700,38.95
34003010200,36081042700,31.04
34003039300,36081042700,47.55
34003048200,36081042700,31.68
34003047500,36081042700,39.44
34003010100,36081042700,33.69
34003037202,36081042700,31.46
34003049002,36081042700,40.27
34003042302,36081042700,34.78
34003017400,36081042700,34.41
34003010300,36081042700,32.86
34003047300,36081042700,40.43
34003047200,36081042700,42.74
34003042400,36081042700,33.38
34003003100,36081042700,31.08
34003003500,36081042700,29.45
34003058100,36081042700,40.68
34003007001,36081042700,35.68
34003042100,36081042700,32.62
34003048100,36081042700,30.31
34003056200,36081042700,43.17
34003055100,36081042700,29.77
34003009100,36081042700,34.2
34003008000,36081042700,33.13
34003055200,36081042700,30.62
34003015100,36081042700,29.32
34003056100,36081042700,39.48
34003058200,36081042700,39.03
34003061100,36081042700,43.22
34003042301,36081042700,36.82
34003026100,36081042700,40.05
34003039200,36081042700,47.79
34003020100,36081042700,44.43
34003059200,36081042700,38.21
34003061400,36081042700,39.74
34003027000,36081042700,38.08
34003022100,36081042700,39.24
34003003200,36081042700,29.57
34003047400,36081042700,40.62
34003017100,36081042700,35.7
34003009200,36081042700,33.76
34003002100,36081042700,34.7
34003059100,36081042700,39.55
34003007002,36081042700,36.7
34003003402,36081042700,30.14
34003003401,36081042700,30.71
34003037100,36081042700,34.22
34003017300,36081042700,34.84
34003017500,36081042700,33.29
34003034000,36081042700,40.54
34003017200,36081042700,35.21
34003015200,36081042700,28.79
34003014000,36081042700,36.25
34003039100,36081042700,48.41
34003040001,36081042700,34.61
34003040002,36081042700,33.48
34003003300,36081042700,30.68
34003053100,36081042700,43.7
34003020200,36081042700,43.62
34003061300,36081042700,40.4
34003026200,36081042700,41.91
34003022200,36081042700,37.81
34003024200,36081042700,37.83
34003032102,36081042700,48.94
34003061200,36081042700,41.92
34003001000,36081042700,43.84
34037373500,36081042700,85.8
34037373400,36081042700,82.32
34037373100,36081042700,76.38
34037373600,36081042700,83.05
34037373200,36081042700,76.35
34037374400,36081042700,83.46
34037374100,36081042700,87.64
34037373300,36081042700,77.35
34037374000,36081042700,90.07
34031216701,36081042700,58.12
34031256803,36081042700,66.87
34031256801,36081042700,75.43
34031256802,36081042700,64.53
34031216702,36081042700,55.0
34003053200,36081042700,45.96
34003035200,36081042700,44.95
34003043002,36081042700,43.23
34003043001,36081042700,44.89
34003049001,36081042700,45.15
34003035100,36081042700,46.63
34003002200,36081042700,41.08
34003002300,36081042700,38.73
34003044100,36081042700,48.34
34003032103,36081042700,47.85
34003032104,36081042700,48.83
34003032201,36081042700,48.34
34003032202,36081042700,48.61
34003044201,36081042700,45.97
34003044202,36081042700,44.62
34003024100,36081042700,42.65
34037371600,36081042700,83.13
34037373700,36081042700,86.83
34037373800,36081042700,85.49
34037372600,36081042700,71.38
34037372700,36081042700,74.22
34037372100,36081042700,88.47
34037373900,36081042700,98.8
34037372500,36081042700,77.8
34037372000,36081042700,92.09
34037371900,36081042700,98.49
34037372900,36081042700,72.47
34037373000,36081042700,72.11
34037372300,36081042700,93.04
34037372400,36081042700,83.68
34037372800,36081042700,71.02
34037371502,36081042700,77.72
34037371800,36081042700,88.5
34037371100,36081042700,93.99
34037371700,36081042700,84.3
34037372200,36081042700,90.71
34037371503,36081042700,83.99
34037371400,36081042700,85.66
34037371300,36081042700,96.62
34037371200,36081042700,82.47
34037371000,36081042700,108.18
42103950606,36081042700,122.44
42103950601,36081042700,113.13
42103950104,36081042700,113.96
42103950103,36081042700,106.54
42089301401,36081042700,113.97
42103950801,36081042700,129.11
42103950701,36081042700,122.77
42103950702,36081042700,115.72
42017105508,36081042700,98.94
42017980000,36081042700,102.62
42017105400,36081042700,102.73
42017105704,36081042700,96.35
42017105702,36081042700,92.68
42017105505,36081042700,96.82
42017105805,36081042700,98.62
42017105801,36081042700,97.69
42017105600,36081042700,96.64
